4259 0.66
4510 0.67
4761 0.70
5011 0.71
5262 0.72
5513 0.74
5764 0.75
6013 0.76
6264 0.77
6515 0.79
6766 0.80
7016 0.81
7267 0.83
7518 0.84
7769 0.85
8018 0.86
8269 0.87
8520 0.89
8771 0.90
9021 0.91
9272 0.92
9523 0.94
9774 0.95
10023 0.96
10274 0.97
10525 0.99
10776 1.00
11027 1.01
11277 1.02
11528 1.04
11779 1.04
12029 1.05
12280 1.07
12530 1.08
12781 1.09
13032 1.11
13283 1.12
13534 1.13
13784 1.14
14034 1.16
14285 1.17
14536 1.18
14787 1.19
15037 1.20
15288 1.22
15539 1.23
15790 1.24
16040 1.25
16290 1.26
16541 1.27
16792 1.29
17043 1.30
17294 1.31
17544 1.32
17795 1.34
18045 1.35
18296 1.36
18547 1.37
18797 1.38
19048 1.40
19299 1.41
19550 1.42
19801 1.43
20050 1.44
20301 1.46
20552 1.46
20803 1.47
21054 1.48
21304 1.50
21555 1.51
21806 1.52
22056 1.53
22307 1.54
22557 1.56
22808 1.57
23059 1.58
23310 1.59
23561 1.60
23811 1.61
24061 1.63
24312 1.64
24563 1.65
24814 1.66
25064 1.67
25315 1.68
25566 1.69
25817 1.70
26067 1.71
26318 1.72
26568 1.73
26819 1.75
27070 1.76
27321 1.77
27572 1.78
27822 1.79
28072 1.80
28323 1.81
28574 1.82
28825 1.84
29075 1.85
29326 1.86
29577 1.87
29828 1.88
30078 1.89
30328 1.90
30579 1.91
30830 1.92
31081 1.93
31332 1.94
31582 1.95
31833 1.96
32083 1.97
32334 1.99
32585 2.00
32835 2.01
33086 2.02
33337 2.03
33588 2.04
33839 2.05
34088 2.06
34339 2.07
34590 2.08
34841 2.09
35092 2.10
35342 2.11
35593 2.12
35844 2.13
36094 2.14
36345 2.15
36595 2.16
36846 2.17
37097 2.18
37348 2.19
37599 2.20
37849 2.22
38099 2.23
38350 2.24
38601 2.25
38852 2.26
39102 2.27
39353 2.28
39604 2.29
39855 2.29
40105 2.30
40355 2.31
40606 2.32
40857 2.34
41108 2.34
41359 2.36
41609 2.37
41860 2.38
42110 2.39
42361 2.40
42612 2.41
42862 2.42
43113 2.43
43364 2.44
43615 2.45
43866 2.46
44116 2.47
44366 2.48
44617 2.49
44868 2.50
45119 2.50
45370 2.51
45620 2.52
45871 2.53
46121 2.54
46372 2.55
46623 2.56
46873 2.57
47124 2.58
47375 2.59
47626 2.60
47877 2.61
48126 2.62
48377 2.63
48628 2.64
48879 2.65
49130 2.66
49380 2.67
49631 2.68
49882 2.69
50132 2.70
50383 2.71
50633 2.72
50884 2.72
51135 2.73
51386 2.74
51637 2.75
51887 2.76
52137 2.77
52388 2.78
52639 2.79
52890 2.80
53140 2.81
53391 2.82
53642 2.83
53893 2.84
54144 2.85
54393 2.86
54644 2.87
54895 2.88
55146 2.89
55397 2.90
55647 2.91
55898 2.92
56148 2.92
56399 2.93
56650 2.94
56900 2.95
57151 2.96
57402 2.97
57653 2.98
57904 2.99
58153 3.00
58404 3.01
58655 3.02
58906 3.03
59157 3.03
59407 3.04
59658 3.05
59909 3.06
60160 3.07
60410 3.08
60660 3.09
60911 3.10
61162 3.11
61413 3.12
61664 3.13
61915 3.13
62164 3.14
62415 3.15
62666 3.16
62917 3.17
63168 3.18
63418 3.19
63669 3.20
63920 3.21
64171 3.22
64421 3.23
64671 3.23
64922 3.24
65173 3.25
65424 3.26
65675 3.27
65925 3.28
66176 3.29
66426 3.30
66677 3.31
66928 3.32
67178 3.33
67429 3.33
67680 3.34
67931 3.35
68182 3.36
68431 3.36
68682 3.37
68933 3.38
69184 3.39
69435 3.40
69685 3.41
69936 3.42
70187 3.43
70437 3.44
70688 3.44
70939 3.46
71189 3.46
71440 3.47
71691 3.48
71942 3.49
72193 3.50
72442 3.51
72693 3.51
72944 3.52
73195 3.53
73446 3.54
73696 3.55
73947 3.55
74198 3.56
74448 3.57
74699 3.58
74949 3.59
75200 3.60
75451 3.61
75702 3.62
75953 3.62
76203 3.63
76453 3.64
76704 3.65
76955 3.66
77206 3.67
77456 3.65
77707 3.65
77958 3.65
78209 3.65
78459 3.65
78709 3.64
78960 3.64
79211 3.65
79462 3.67
79713 3.68
79963 3.69
80214 3.70
80464 3.71
80715 3.72
80966 3.72
81216 3.73
81467 3.74
81718 3.75
81969 3.75
82220 3.76
82469 3.77
82720 3.78
82971 3.79
83222 3.80
83473 3.81
83723 3.81
83974 3.82
84225 3.83
84475 3.84
84726 3.85
84977 3.86
85227 3.87
85478 3.87
85729 3.88
85980 3.89
86231 3.90
86480 3.91
86731 3.92
86982 3.92
87233 3.93
87484 3.94
87734 3.95
87985 3.96
88236 3.96
88486 3.97
88737 3.98
88987 3.98
89238 3.99
89489 4.00
89740 4.01
89991 4.02
90241 4.03
90491 4.04
90742 4.05
90993 4.05
91244 4.06
91494 4.07
91745 4.08
91996 4.09
92247 4.10
92497 4.10
92747 4.11
92998 4.12
93249 4.13
93500 4.14
93751 4.14
94001 4.15
94252 4.16
94502 4.17
94753 4.17
95004 4.18
95254 4.19
95505 4.19
95756 4.20
96007 4.21
96258 4.22
96507 4.23
96758 4.23
97009 4.24
97260 4.25
97511 4.26
97761 4.27
98012 4.27
98263 4.28
98513 4.29
98764 4.30
99014 4.30
99265 4.31
99516 4.32
99767 4.33
100018 4.34
100269 4.34
100518 4.35
100769 4.36
101020 4.36
101271 4.37
101522 4.38
101773 4.38
102024 4.39
102274 4.40
102524 4.40
102775 4.41
103026 4.42
103277 4.42
103528 4.43
103778 4.44
104029 4.45
104280 4.45
104530 4.46
104781 4.47
105032 4.47
105283 4.48
105533 4.49
105784 4.50
106035 4.50
106286 4.51
106536 4.52
106787 4.52
107037 4.53
107288 4.54
107539 4.54
107790 4.55
108041 4.56
108292 4.56
108542 4.57
108792 4.57
109043 4.58
109294 4.58
109545 4.59
109796 4.59
110047 4.60
110298 4.61
110547 4.61
110798 4.62
111049 4.62
111300 4.63
111551 4.64
111802 4.64
112052 4.65
112303 4.65
112553 4.66
112804 4.67
113055 4.67
113306 4.68
113557 4.68
113807 4.69
114058 4.70
114309 4.70
114560 4.71
114810 4.71
115061 4.72
115311 4.73
115562 4.73
115813 4.73
116064 4.74
116315 4.74
116566 4.75
116816 4.76
117066 4.76
117317 4.77
117568 4.77
117819 4.78
118070 4.78
118321 4.79
118572 4.79
118821 4.79
119072 4.80
119323 4.80
119574 4.81
119825 4.81
120076 4.82
120326 4.82
120577 4.83
120827 4.83
121078 4.84
121329 4.84
121580 4.85
121831 4.85
122081 4.86
122332 4.86
122583 4.87
122833 4.87
123084 4.88
123335 4.88
123585 4.89
123836 4.89
124087 4.89
124338 4.90
124589 4.90
124839 4.91
125090 4.91
125340 4.91
125591 4.92
125842 4.92
126093 4.93
126344 4.93
126595 4.93
126845 4.94
127095 4.94
127346 4.94
127597 4.95
127848 4.95
128099 4.96
128350 4.96
128600 4.97
128850 4.97
129101 4.97
129352 4.97
129603 4.98
129854 4.98
130105 4.99
130355 4.99
130606 4.99
130856 5.00
