32083 0.56
32334 0.57
32585 0.58
32836 0.59
33086 0.61
33337 0.62
33588 0.63
33839 0.64
34089 0.66
34339 0.67
34590 0.69
34841 0.70
35092 0.71
35343 0.72
35593 0.74
35844 0.75
36094 0.77
36345 0.78
36596 0.79
36846 0.80
37097 0.82
37348 0.83
37599 0.84
37850 0.85
38099 0.86
38350 0.88
38601 0.89
38852 0.90
39103 0.92
39353 0.93
39604 0.94
39855 0.96
40105 0.97
40356 0.98
40606 0.99
40857 1.01
41108 1.02
41359 1.03
41609 1.04
41860 1.06
42110 1.07
42361 1.08
42612 1.09
42862 1.11
43113 1.12
43364 1.13
43615 1.14
43866 1.16
44115 1.17
44366 1.18
44617 1.19
44868 1.21
45119 1.22
45369 1.23
45620 1.25
45871 1.25
46121 1.27
46372 1.28
46623 1.29
46873 1.30
47124 1.32
47375 1.33
47626 1.34
47877 1.35
48126 1.36
48377 1.38
48628 1.39
48879 1.40
49130 1.41
49380 1.43
49631 1.44
49882 1.45
50132 1.46
50383 1.47
50633 1.48
50884 1.50
51135 1.51
51386 1.52
51637 1.53
51887 1.54
52137 1.56
52388 1.57
52639 1.58
52890 1.59
53140 1.60
53391 1.62
53642 1.63
53893 1.64
54144 1.65
54393 1.66
54644 1.67
54895 1.68
55146 1.69
55397 1.70
55647 1.72
55898 1.73
56148 1.74
56399 1.75
56650 1.76
56900 1.78
57151 1.79
57402 1.80
57653 1.81
57904 1.82
58153 1.83
58404 1.85
58655 1.86
58906 1.87
59157 1.88
59407 1.89
59658 1.90
59909 1.91
60160 1.92
60410 1.93
60660 1.94
60911 1.95
61162 1.97
61413 1.98
61664 1.99
61914 2.00
62164 2.01
62415 2.02
62666 2.04
62917 2.05
63167 2.05
63418 2.07
63669 2.08
63920 2.09
64171 2.10
64420 2.11
64671 2.12
64922 2.13
65173 2.14
65424 2.15
65675 2.16
65925 2.17
66176 2.18
66426 2.20
66677 2.21
66928 2.22
67178 2.23
67429 2.24
67680 2.25
67931 2.26
68182 2.27
68431 2.28
68682 2.29
68933 2.30
69184 2.31
69435 2.32
69685 2.33
69936 2.34
70187 2.35
70437 2.36
70688 2.37
70938 2.38
71189 2.40
71440 2.40
71691 2.42
71942 2.43
72192 2.44
72442 2.45
72693 2.46
72944 2.47
73195 2.48
73445 2.49
73696 2.50
73947 2.50
74198 2.52
74448 2.53
74699 2.54
74949 2.55
75200 2.56
75451 2.57
75702 2.58
75953 2.59
76203 2.60
76453 2.61
76704 2.62
76955 2.63
77206 2.64
77456 2.65
77707 2.66
77958 2.67
78209 2.68
78459 2.69
78709 2.70
78960 2.71
79211 2.71
79462 2.73
79713 2.74
79963 2.74
80214 2.75
80464 2.76
80715 2.78
80966 2.79
81216 2.80
81467 2.81
81718 2.81
81969 2.83
82220 2.83
82469 2.85
82720 2.85
82971 2.86
83222 2.87
83473 2.88
83723 2.89
83974 2.90
84225 2.91
84475 2.92
84726 2.93
84976 2.94
85227 2.95
85478 2.96
85729 2.97
85980 2.98
86230 2.99
86480 3.00
86731 3.00
86982 3.01
87233 3.02
87483 3.03
87734 3.04
87985 3.05
88236 3.06
88486 3.07
88736 3.08
88987 3.09
89238 3.10
89489 3.11
89740 3.12
89990 3.13
90241 3.13
90491 3.14
90742 3.16
90993 3.16
91243 3.17
91494 3.18
91745 3.19
91996 3.20
92247 3.21
92497 3.22
92747 3.23
92998 3.24
93249 3.25
93500 3.26
93751 3.27
94001 3.28
94252 3.29
94502 3.30
94753 3.31
95004 3.31
95254 3.32
95505 3.33
95756 3.34
96007 3.34
96258 3.35
96507 3.36
96758 3.37
97009 3.38
97260 3.39
97511 3.40
97761 3.41
98012 3.42
98263 3.43
98513 3.44
98764 3.45
99014 3.45
99265 3.47
99516 3.47
99767 3.48
100018 3.49
100269 3.50
100518 3.51
100769 3.52
101020 3.53
101271 3.54
101522 3.54
101773 3.55
102024 3.56
102274 3.57
102524 3.58
102775 3.58
103026 3.59
103277 3.60
103528 3.61
103778 3.62
104029 3.63
104280 3.64
104530 3.65
104781 3.65
105032 3.66
105283 3.67
105533 3.68
105784 3.69
106035 3.70
106286 3.71
106536 3.71
106787 3.72
107037 3.73
107288 3.74
107539 3.75
107790 3.75
108041 3.76
108292 3.77
108542 3.78
108792 3.79
109043 3.80
109294 3.80
109545 3.81
109796 3.82
110047 3.83
110298 3.84
110547 3.85
110798 3.85
111049 3.86
111300 3.87
111551 3.88
111802 3.89
112052 3.90
112303 3.91
112553 3.91
112804 3.92
113055 3.93
113306 3.94
113557 3.95
113807 3.95
114058 3.96
114309 3.97
114560 3.97
114810 3.98
115061 3.99
115311 4.00
115562 4.01
115813 4.02
116064 4.02
116315 4.03
116566 4.04
116816 4.05
117066 4.06
117317 4.06
117568 4.07
117819 4.08
118070 4.09
118321 4.10
118571 4.10
118821 4.11
119072 4.12
119323 4.13
119574 4.14
119825 4.14
120076 4.15
120326 4.16
120577 4.17
120827 4.17
121078 4.18
121329 4.18
121580 4.19
121830 4.20
122081 4.21
122332 4.22
122583 4.22
122833 4.23
123084 4.24
123335 4.24
123585 4.25
123836 4.26
124087 4.27
124338 4.27
124589 4.28
124839 4.29
125090 4.29
125340 4.30
125591 4.31
125842 4.31
126093 4.32
126344 4.33
126595 4.34
126844 4.34
127095 4.35
127346 4.36
127597 4.36
127848 4.36
128099 4.38
128350 4.38
128600 4.38
128850 4.39
129101 4.40
129352 4.40
129603 4.41
129854 4.42
130104 4.43
130355 4.43
130606 4.44
130856 4.44
131107 4.45
131358 4.46
131609 4.46
131859 4.47
132110 4.48
132361 4.48
132612 4.49
132862 4.50
133113 4.51
133364 4.51
133614 4.52
133865 4.52
134116 4.53
134367 4.54
134618 4.54
134868 4.55
135118 4.56
135369 4.56
135620 4.57
135871 4.57
136122 4.58
136373 4.58
136624 4.59
136873 4.59
137124 4.60
137375 4.60
137626 4.61
137877 4.61
138128 4.62
138378 4.62
138629 4.63
138880 4.63
139130 4.64
139381 4.64
139632 4.65
139883 4.65
140133 4.66
140384 4.67
140635 4.67
140886 4.67
141136 4.68
141387 4.68
141638 4.69
141888 4.69
142139 4.70
142390 4.70
142641 4.71
142892 4.71
143142 4.71
143392 4.72
143643 4.72
143894 4.72
144145 4.73
144396 4.73
144647 4.73
144898 4.74
145147 4.74
145398 4.75
145649 4.75
145900 4.75
146151 4.76
146402 4.76
146652 4.77
146903 4.77
147153 4.78
147404 4.78
147655 4.79
147906 4.79
148157 4.79
148407 4.80
148658 4.80
148909 4.81
149159 4.81
149410 4.82
149661 4.82
149912 4.83
150162 4.83
150413 4.84
150664 4.84
150915 4.84
151165 4.85
151416 4.85
151666 4.86
151917 4.86
152168 4.87
152419 4.87
152670 4.88
152921 4.88
153171 4.89
153421 4.89
153672 4.90
153923 4.90
154174 4.90
154425 4.91
154676 4.91
154926 4.92
155176 4.92
155427 4.92
155678 4.92
155929 4.92
156180 4.93
156431 4.93
156681 4.94
156932 4.94
157182 4.94
157433 4.94
157684 4.94
157935 4.95
158186 4.95
158436 4.95
158687 4.95
158938 4.95
159188 4.96
159439 4.96
159690 4.96
159940 4.96
160191 4.96
160442 4.96
160693 4.96
160944 4.97
161195 4.97
161445 4.97
161695 4.97
161946 4.97
162197 4.97
162448 4.97
162699 4.98
162950 4.98
163200 4.98
163450 4.98
163701 4.98
163952 4.99
164203 4.98
164454 4.99
164705 4.99
164955 5.00
