575891 0.85
576142 0.86
576393 0.86
576643 0.87
576893 0.88
577144 0.90
577395 0.91
577646 0.92
577897 0.93
578147 0.95
578398 0.96
578649 0.97
578899 0.98
579150 1.00
579401 1.01
579651 1.02
579902 1.03
580153 1.04
580404 1.05
580655 1.07
580905 1.08
581156 1.09
581406 1.10
581657 1.11
581908 1.13
582159 1.14
582410 1.15
582661 1.17
582910 1.18
583161 1.19
583412 1.20
583663 1.21
583914 1.23
584165 1.24
584416 1.25
584666 1.26
584916 1.27
585167 1.29
585418 1.30
585669 1.31
585920 1.32
586170 1.33
586421 1.35
586672 1.36
586923 1.37
587173 1.38
587424 1.40
587675 1.41
587925 1.42
588176 1.43
588427 1.45
588678 1.46
588929 1.46
589179 1.48
589430 1.49
589680 1.50
589931 1.51
590182 1.52
590433 1.54
590684 1.55
590935 1.56
591184 1.57
591435 1.58
591686 1.59
591937 1.61
592188 1.62
592439 1.63
592690 1.64
592940 1.65
593190 1.67
593441 1.67
593692 1.69
593943 1.70
594194 1.71
594444 1.72
594695 1.73
594946 1.74
595196 1.75
595447 1.77
595698 1.78
595949 1.79
596199 1.80
596450 1.81
596701 1.83
596952 1.84
597202 1.85
597453 1.86
597704 1.87
597954 1.88
598205 1.89
598456 1.90
598707 1.91
598958 1.92
599208 1.94
599458 1.95
599709 1.96
599960 1.97
600211 1.98
600462 1.99
600713 2.00
600964 2.02
601213 2.02
601464 2.04
601715 2.05
601966 2.06
602217 2.07
602468 2.08
602718 2.09
602969 2.10
603219 2.11
603470 2.12
603721 2.13
603972 2.14
604223 2.15
604473 2.16
604724 2.18
604975 2.19
605225 2.20
605476 2.21
605727 2.22
605978 2.23
606228 2.24
606479 2.26
606730 2.27
606981 2.28
607232 2.29
607482 2.29
607732 2.30
607983 2.32
608234 2.33
608485 2.34
608736 2.35
608987 2.36
609238 2.37
609487 2.38
609738 2.39
609989 2.40
610240 2.41
610491 2.42
610742 2.43
610992 2.44
611243 2.45
611493 2.46
611744 2.48
611995 2.49
612246 2.50
612497 2.50
612747 2.51
612998 2.52
613249 2.53
613499 2.54
613750 2.55
614001 2.57
614252 2.58
614502 2.59
614753 2.60
615004 2.61
615255 2.62
615505 2.63
615756 2.64
616006 2.65
616257 2.66
616508 2.67
616759 2.68
617010 2.69
617261 2.70
617511 2.71
617761 2.72
618012 2.73
618263 2.74
618514 2.75
618765 2.76
619016 2.77
619267 2.78
619516 2.79
619767 2.80
620018 2.81
620269 2.82
620520 2.83
620771 2.84
621021 2.85
621272 2.86
621522 2.87
621773 2.88
622024 2.89
622275 2.90
622526 2.91
622776 2.92
623027 2.93
623278 2.93
623528 2.95
623779 2.95
624030 2.96
624280 2.97
624531 2.98
624782 2.99
625033 3.00
625284 3.01
625534 3.02
625785 3.03
626035 3.04
626286 3.05
626537 3.06
626788 3.07
627039 3.08
627290 3.09
627539 3.10
627790 3.11
628041 3.12
628292 3.13
628543 3.14
628794 3.15
629045 3.16
629295 3.17
629545 3.18
629796 3.19
630047 3.20
630298 3.21
630549 3.22
630800 3.23
631050 3.24
631301 3.25
631552 3.26
631802 3.27
632053 3.27
632304 3.28
632555 3.29
632805 3.30
633056 3.31
633307 3.32
633558 3.33
633808 3.34
634059 3.35
634309 3.36
634560 3.37
634811 3.38
635062 3.39
635313 3.40
635564 3.40
635814 3.41
636064 3.42
636315 3.43
636566 3.44
636817 3.45
637068 3.46
637319 3.47
637570 3.48
637819 3.49
638070 3.50
638321 3.51
638572 3.52
638823 3.53
639074 3.54
639324 3.54
639575 3.55
639825 3.56
640076 3.57
640327 3.58
640578 3.59
640829 3.60
641079 3.60
641330 3.61
641581 3.62
641831 3.63
642082 3.64
642333 3.65
642583 3.66
642834 3.67
643085 3.68
643336 3.69
643587 3.69
643837 3.71
644088 3.71
644338 3.72
644589 3.73
644840 3.74
645091 3.75
645342 3.75
645593 3.76
645843 3.77
646093 3.78
646344 3.79
646595 3.80
646846 3.81
647097 3.82
647348 3.83
647598 3.83
647848 3.84
648099 3.85
648350 3.86
648601 3.87
648852 3.88
649103 3.89
649353 3.90
649604 3.90
649854 3.91
650105 3.92
650356 3.93
650607 3.94
650857 3.95
651108 3.96
651359 3.96
651610 3.97
651860 3.98
652111 3.99
652362 4.00
652612 4.01
652863 4.02
653114 4.02
653365 4.03
653616 4.04
653867 4.05
654116 4.06
654367 4.07
654618 4.08
654869 4.08
655120 4.09
655371 4.10
655622 4.11
655872 4.12
656122 4.13
656373 4.14
656624 4.15
656875 4.15
657126 4.16
657376 4.17
657627 4.18
657878 4.18
658128 4.19
658379 4.20
658630 4.21
658881 4.22
659131 4.22
659382 4.23
659633 4.24
659884 4.25
660134 4.26
660385 4.26
660636 4.27
660886 4.28
661137 4.29
661388 4.30
661639 4.31
661890 4.31
662140 4.32
662390 4.33
662641 4.34
662892 4.35
663143 4.35
663394 4.36
663645 4.37
663896 4.38
664145 4.38
664396 4.39
664647 4.40
664898 4.41
665149 4.41
665400 4.42
665651 4.43
665901 4.44
666151 4.44
666402 4.45
666653 4.46
666904 4.47
667155 4.48
667405 4.48
667656 4.49
667907 4.50
668157 4.51
668408 4.51
668659 4.52
668910 4.53
669160 4.54
669411 4.54
669662 4.55
669913 4.56
670163 4.56
670414 4.57
670664 4.58
670915 4.58
671166 4.59
671417 4.59
671668 4.60
671919 4.61
672169 4.62
672419 4.63
672670 4.63
672921 4.64
673172 4.65
673423 4.65
673674 4.66
673925 4.67
674174 4.67
674425 4.68
674676 4.68
674927 4.69
675178 4.70
675429 4.71
675679 4.71
675930 4.72
676180 4.73
676431 4.73
676682 4.74
676933 4.74
677184 4.75
677434 4.76
677685 4.76
677936 4.77
678187 4.78
678437 4.78
678688 4.79
678939 4.79
679189 4.80
679440 4.80
679691 4.81
679942 4.81
680193 4.82
680443 4.82
680693 4.83
680944 4.84
681195 4.84
681446 4.85
681697 4.85
681948 4.86
682199 4.86
682448 4.87
682699 4.87
682950 4.88
683201 4.89
683452 4.89
683703 4.90
683953 4.90
684204 4.91
684454 4.91
684705 4.92
684956 4.92
685207 4.93
685458 4.93
685708 4.94
685959 4.94
686210 4.95
686460 4.95
686711 4.96
686962 4.96
687213 4.97
687463 4.97
687714 4.98
687965 4.98
688216 4.99
688466 4.99
688717 5.00
