3508 1.10
3759 1.13
4008 1.15
4259 1.16
4510 1.17
4761 1.19
5011 1.20
5262 1.21
5513 1.23
5764 1.24
6014 1.25
6264 1.26
6515 1.27
6766 1.29
7017 1.30
7267 1.31
7518 1.33
7769 1.34
8019 1.35
8269 1.36
8520 1.38
8771 1.39
9022 1.40
9272 1.41
9523 1.43
9774 1.44
10024 1.45
10274 1.46
10525 1.47
10776 1.48
11027 1.50
11278 1.51
11528 1.52
11779 1.53
12029 1.55
12280 1.55
12531 1.57
12782 1.58
13032 1.59
13283 1.61
13534 1.62
13785 1.63
14035 1.64
14285 1.65
14536 1.66
14787 1.67
15038 1.68
15289 1.70
15539 1.71
15790 1.72
16040 1.73
16291 1.74
16542 1.76
16792 1.77
17043 1.78
17294 1.79
17545 1.80
17796 1.81
18045 1.83
18296 1.84
18547 1.85
18798 1.86
19049 1.87
19299 1.88
19550 1.89
19801 1.90
20051 1.91
20302 1.93
20552 1.94
20803 1.95
21054 1.96
21305 1.97
21556 1.98
21806 2.00
22056 2.01
22307 2.02
22558 2.03
22809 2.04
23059 2.05
23310 2.06
23561 2.08
23812 2.08
24062 2.09
24312 2.11
24563 2.12
24814 2.13
25065 2.14
25316 2.15
25566 2.16
25817 2.17
26067 2.18
26318 2.19
26569 2.21
26819 2.22
27070 2.23
27321 2.24
27572 2.25
27823 2.26
28072 2.27
28323 2.28
28574 2.29
28825 2.30
29076 2.31
29326 2.32
29577 2.33
29828 2.34
30078 2.36
30329 2.37
30579 2.38
30830 2.39
31081 2.40
31332 2.41
31583 2.42
31834 2.43
32083 2.44
32334 2.45
32585 2.46
32836 2.48
33087 2.48
33337 2.50
33588 2.50
33839 2.51
34089 2.52
34340 2.53
34590 2.54
34841 2.56
35092 2.57
35343 2.58
35594 2.59
35844 2.60
36094 2.61
36345 2.62
36596 2.63
36847 2.64
37097 2.65
37348 2.66
37599 2.67
37850 2.68
38100 2.69
38350 2.70
38601 2.71
38852 2.72
39103 2.73
39354 2.74
39604 2.75
39855 2.76
40105 2.77
40356 2.78
40607 2.79
40857 2.80
41108 2.81
41359 2.82
41610 2.84
41861 2.84
42110 2.85
42361 2.86
42612 2.88
42863 2.89
43114 2.90
43364 2.91
43615 2.92
43866 2.93
44116 2.93
44367 2.95
44617 2.95
44868 2.96
45119 2.97
45370 2.98
45621 2.99
45871 3.00
46121 3.02
46372 3.03
46623 3.03
46874 3.05
47124 3.06
47375 3.06
47626 3.08
47877 3.09
48128 3.10
48377 3.11
48628 3.12
48879 3.13
49130 3.13
49381 3.14
49631 3.15
49882 3.16
50132 3.17
50383 3.18
50634 3.19
50885 3.20
51135 3.21
51386 3.22
51637 3.23
51888 3.24
52139 3.25
52388 3.26
52639 3.27
52890 3.28
53141 3.29
53392 3.30
53642 3.31
53893 3.32
54144 3.33
54394 3.34
54645 3.35
54895 3.36
55146 3.37
55397 3.38
55648 3.39
55899 3.40
56148 3.41
56399 3.42
56650 3.43
56901 3.44
57152 3.45
57402 3.46
57653 3.46
57904 3.47
58155 3.48
58405 3.49
58655 3.50
58906 3.51
59157 3.52
59408 3.53
59659 3.54
59909 3.55
60160 3.56
60410 3.57
60661 3.57
60912 3.58
61162 3.59
61413 3.60
61664 3.61
61915 3.62
62166 3.63
62415 3.64
62666 3.65
62917 3.66
63168 3.67
63419 3.68
63669 3.69
63920 3.70
64171 3.71
64421 3.72
64672 3.72
64922 3.73
65173 3.74
65424 3.75
65675 3.76
65926 3.76
66177 3.78
66426 3.78
66677 3.79
66928 3.80
67179 3.81
67430 3.82
67680 3.83
67931 3.84
68182 3.85
68432 3.86
68683 3.87
68933 3.87
69184 3.88
69435 3.89
69686 3.90
69937 3.91
70187 3.92
70437 3.93
70688 3.94
70939 3.95
71190 3.96
71440 3.96
71691 3.97
71942 3.98
72193 3.98
72443 3.99
72693 4.00
72944 4.01
73195 4.02
73446 4.03
73697 4.04
73947 4.05
74198 4.05
74448 4.06
74699 4.07
74950 4.08
75200 4.09
75451 4.10
75702 4.11
75953 4.11
76204 4.12
76453 4.13
76704 4.14
76955 4.15
77206 4.16
77457 4.16
77707 4.17
77958 4.18
78209 4.19
78459 4.20
78710 4.20
78960 4.21
79211 4.22
79462 4.23
79713 4.23
79964 4.24
80215 4.25
80464 4.26
80715 4.27
80966 4.28
81217 4.28
81468 4.29
81718 4.30
81969 4.31
82220 4.31
82470 4.32
82721 4.33
82971 4.34
83222 4.35
83473 4.35
83724 4.36
83975 4.37
84225 4.38
84475 4.38
84726 4.39
84977 4.40
85228 4.40
85478 4.41
85729 4.42
85980 4.42
86231 4.43
86481 4.44
86731 4.45
86982 4.45
87233 4.46
87484 4.47
87735 4.47
87985 4.48
88236 4.49
88486 4.50
88737 4.50
88988 4.51
89238 4.52
89489 4.52
89740 4.53
89991 4.54
90242 4.54
90491 4.55
90742 4.56
90993 4.56
91244 4.57
91495 4.58
91745 4.58
91996 4.59
92247 4.59
92497 4.60
92748 4.61
92998 4.61
93249 4.62
93500 4.63
93751 4.63
94002 4.64
94252 4.65
94502 4.65
94753 4.66
95004 4.66
95255 4.67
95505 4.68
95756 4.68
96007 4.69
96258 4.69
96508 4.70
96758 4.70
97009 4.71
97260 4.72
97511 4.72
97762 4.73
98012 4.74
98263 4.74
98513 4.75
98764 4.75
99015 4.76
99266 4.76
99516 4.77
99767 4.78
100018 4.78
100269 4.79
100519 4.79
100769 4.79
101020 4.80
101271 4.80
101522 4.81
101773 4.81
102024 4.82
102275 4.82
102524 4.83
102775 4.84
103026 4.84
103277 4.84
103528 4.85
103779 4.86
104029 4.86
104280 4.86
104530 4.87
104781 4.87
105032 4.88
105283 4.88
105534 4.89
105784 4.89
106035 4.90
106286 4.90
106536 4.91
106787 4.91
107038 4.92
107289 4.92
107539 4.92
107790 4.93
108041 4.93
108292 4.94
108542 4.94
108793 4.95
109043 4.95
109294 4.95
109545 4.96
109796 4.96
110047 4.97
110298 4.97
110548 4.97
110798 4.98
111049 4.98
111300 4.98
111551 4.99
111802 4.99
112053 5.00
112303 5.00
