20302 4.73
20552 4.73
20803 4.72
21054 4.72
21305 4.72
21556 4.71
21806 4.71
22056 4.71
22307 4.70
22558 4.70
22809 4.70
23059 4.69
23310 4.69
23561 4.69
23812 4.68
24062 4.68
24312 4.67
24563 4.67
24814 4.67
25065 4.67
25316 4.66
25566 4.66
25817 4.65
26067 4.65
26318 4.65
26569 4.64
26819 4.64
27070 4.64
27321 4.63
27572 4.63
27823 4.63
28072 4.62
28323 4.62
28574 4.62
28825 4.61
29076 4.61
29326 4.61
29577 4.60
29828 4.60
30078 4.60
30329 4.59
30579 4.59
30830 4.59
31081 4.59
31332 4.58
31583 4.58
31833 4.58
32083 4.58
32334 4.57
32585 4.57
32836 4.56
33086 4.56
33337 4.56
33588 4.56
33839 4.55
34089 4.55
34339 4.54
34590 4.54
34841 4.54
35092 4.54
35343 4.53
35594 4.53
35844 4.52
36094 4.52
36345 4.52
36596 4.52
36847 4.51
37097 4.51
37348 4.50
37599 4.50
37850 4.50
38100 4.49
38350 4.49
38601 4.49
38852 4.48
39103 4.48
39354 4.48
39604 4.48
39855 4.47
40105 4.47
40356 4.47
40607 4.46
40857 4.46
41108 4.46
41359 4.45
41610 4.45
41861 4.45
42110 4.44
42361 4.44
42612 4.44
42863 4.43
43114 4.43
43364 4.43
43615 4.43
43866 4.42
44116 4.42
44367 4.41
44617 4.41
44868 4.41
45119 4.40
45370 4.40
45621 4.40
45871 4.39
46121 4.39
46372 4.39
46623 4.39
46874 4.38
47124 4.38
47375 4.38
47626 4.38
47877 4.37
48128 4.37
48377 4.37
48628 4.37
48879 4.36
49130 4.36
49381 4.36
49631 4.35
49882 4.35
50132 4.35
50383 4.35
50634 4.34
50884 4.34
51135 4.34
51386 4.33
51637 4.33
51888 4.33
52137 4.32
52388 4.32
52639 4.32
52890 4.31
53141 4.31
53391 4.31
53642 4.30
53893 4.30
54144 4.30
54394 4.30
54645 4.29
54895 4.29
55146 4.29
55397 4.28
55648 4.28
55899 4.28
56148 4.27
56399 4.27
56650 4.27
56901 4.27
57152 4.26
57402 4.26
57653 4.26
57904 4.25
58155 4.25
58405 4.25
58655 4.24
58906 4.24
59157 4.24
59408 4.24
59659 4.23
59909 4.23
60160 4.22
60410 4.22
60661 4.22
60912 4.22
61162 4.21
61413 4.21
61664 4.21
61915 4.21
62166 4.20
62415 4.20
62666 4.20
62917 4.19
63168 4.19
63419 4.19
63669 4.19
63920 4.18
64171 4.18
64421 4.17
64672 4.17
64922 4.17
65173 4.17
65424 4.17
65675 4.17
65926 4.16
66176 4.16
66426 4.16
66677 4.15
66928 4.15
67179 4.15
67430 4.15
67680 4.14
67931 4.14
68182 4.14
68432 4.13
68683 4.13
68933 4.13
69184 4.12
69435 4.12
69686 4.12
69937 4.11
70187 4.11
70437 4.11
70688 4.11
70939 4.10
71190 4.10
71440 4.10
71691 4.10
71942 4.09
72193 4.09
72443 4.09
72693 4.08
72944 4.08
73195 4.08
73446 4.07
73697 4.07
73947 4.07
74198 4.06
74448 4.06
74699 4.06
74950 4.06
75200 4.05
75451 4.05
75702 4.05
75953 4.05
76204 4.05
76453 4.04
76704 4.04
76955 4.04
77206 4.03
77457 4.03
77707 4.02
77958 4.02
78209 4.02
78459 4.02
78710 4.02
78960 4.01
79211 4.01
79462 4.00
79713 4.00
79964 4.00
80214 4.00
80464 3.99
80715 3.99
80966 3.99
81217 3.99
81467 3.98
81718 3.98
81969 3.98
82220 3.98
82470 3.97
82720 3.97
82971 3.97
83222 3.97
83473 3.96
83724 3.96
83974 3.96
84225 3.96
84475 3.96
84726 3.95
84977 3.95
85227 3.95
85478 3.95
85729 3.94
85980 3.94
86231 3.94
86480 3.93
86731 3.93
86982 3.93
87233 3.93
87484 3.92
87734 3.92
87985 3.92
88236 3.92
88486 3.91
88737 3.91
88987 3.91
89238 3.90
89489 3.90
89740 3.90
89991 3.90
90241 3.89
90491 3.89
90742 3.89
90993 3.88
91244 3.88
91494 3.88
91745 3.88
91996 3.87
92247 3.87
92497 3.87
92747 3.87
92998 3.86
93249 3.86
93500 3.86
93751 3.86
94001 3.85
94252 3.85
94502 3.85
94753 3.84
95004 3.84
95254 3.84
95505 3.84
95756 3.83
96007 3.83
96258 3.83
96507 3.83
96758 3.82
97009 3.82
97260 3.82
97511 3.82
97761 3.81
98012 3.81
98263 3.81
98513 3.81
98764 3.80
99015 3.80
99265 3.80
99516 3.79
99767 3.79
100018 3.79
100269 3.79
100518 3.78
100769 3.78
101020 3.78
101271 3.78
101522 3.77
101773 3.77
102024 3.77
102274 3.77
102524 3.76
102775 3.76
103026 3.76
103277 3.76
103528 3.75
103778 3.75
104029 3.75
104280 3.75
104530 3.75
104781 3.75
105032 3.74
105283 3.74
105533 3.74
105784 3.74
106035 3.73
106286 3.73
106536 3.73
106787 3.72
107037 3.72
107288 3.72
107539 3.72
107790 3.71
108041 3.71
108292 3.71
108542 3.71
108792 3.71
109043 3.70
109294 3.70
109545 3.70
109796 3.69
110047 3.69
110298 3.69
110547 3.69
110798 3.68
111049 3.68
111300 3.68
111551 3.68
111802 3.67
112052 3.67
112303 3.67
112553 3.67
112804 3.66
113055 3.66
113306 3.66
113557 3.66
113807 3.65
114058 3.65
114309 3.65
114560 3.65
114810 3.64
115061 3.64
115311 3.64
115562 3.64
115813 3.63
116064 3.63
116315 3.63
116566 3.63
116816 3.62
117066 3.62
117317 3.62
117568 3.62
117819 3.61
118070 3.61
118321 3.61
118572 3.61
118821 3.60
119072 3.60
119323 3.60
119574 3.60
119825 3.59
120076 3.59
120326 3.59
120577 3.59
120827 3.58
121078 3.58
121329 3.58
121580 3.58
121831 3.57
122081 3.57
122332 3.57
122583 3.57
122833 3.57
123084 3.56
123335 3.56
123585 3.56
123836 3.55
124087 3.55
124338 3.55
124589 3.55
124839 3.55
125090 3.54
125340 3.54
125591 3.54
125842 3.54
126093 3.54
126344 3.54
126595 3.53
126845 3.53
127095 3.53
127346 3.53
127597 3.52
127848 3.52
128099 3.52
128350 3.52
128600 3.51
128850 3.51
129101 3.51
129352 3.51
129603 3.50
129854 3.50
130105 3.50
130355 3.50
130606 3.50
130856 3.49
131107 3.49
131358 3.49
131609 3.48
131860 3.48
132110 3.48
132361 3.48
132612 3.48
132862 3.48
133113 3.47
133364 3.47
133614 3.47
133865 3.46
134116 3.46
134367 3.46
134618 3.46
134868 3.46
135119 3.45
135369 3.45
135620 3.45
135871 3.44
136122 3.44
136373 3.44
136624 3.44
136873 3.44
137124 3.44
137375 3.43
137626 3.43
137877 3.43
138128 3.42
138379 3.42
138629 3.42
138880 3.42
139130 3.42
139381 3.41
139632 3.41
139883 3.41
140133 3.40
140384 3.40
140635 3.40
140886 3.40
141136 3.40
141387 3.39
141638 3.39
141888 3.39
142139 3.39
142390 3.38
142641 3.38
142892 3.38
143142 3.38
143393 3.38
143643 3.37
143894 3.37
144145 3.37
144396 3.37
144647 3.36
144898 3.36
145147 3.36
145398 3.36
145649 3.35
145900 3.35
146151 3.35
146402 3.35
146653 3.35
146903 3.34
147153 3.34
147404 3.34
147655 3.34
147906 3.33
148157 3.33
148408 3.33
148658 3.33
148909 3.33
149159 3.33
149410 3.33
149661 3.32
149912 3.32
150162 3.32
150413 3.32
150664 3.32
150915 3.31
151165 3.31
151416 3.31
151667 3.31
151917 3.30
152168 3.30
152419 3.30
152670 3.30
152921 3.29
153171 3.29
153422 3.29
153672 3.29
153923 3.28
154174 3.28
154425 3.28
154676 3.28
154927 3.28
155176 3.27
155427 3.27
155678 3.27
155929 3.27
156180 3.27
156431 3.26
156682 3.26
156932 3.26
157182 3.26
157433 3.25
157684 3.25
157935 3.25
158186 3.25
158436 3.25
158687 3.24
158938 3.24
159188 3.24
159439 3.24
159690 3.23
159941 3.23
160191 3.23
160442 3.23
160693 3.22
160944 3.22
161195 3.22
161445 3.22
161696 3.22
161946 3.21
162197 3.21
162448 3.21
162699 3.21
162950 3.20
163201 3.20
163450 3.20
163701 3.20
163952 3.20
164203 3.19
164454 3.19
164705 3.19
164956 3.19
165206 3.19
165456 3.18
165707 3.18
165958 3.18
166209 3.18
166460 3.18
166710 3.17
166961 3.17
167212 3.17
167462 3.17
167713 3.16
167964 3.16
168215 3.16
168465 3.16
168716 3.16
168967 3.15
169218 3.15
169468 3.15
169719 3.15
169970 3.14
170220 3.14
170471 3.14
170722 3.14
170973 3.14
171224 3.14
171474 3.13
171724 3.13
171975 3.13
172226 3.13
172477 3.13
172728 3.13
172979 3.12
173230 3.12
173479 3.12
173730 3.12
173981 3.12
174232 3.12
174483 3.11
174734 3.11
174985 3.11
175235 3.11
175485 3.10
175736 3.10
175987 3.10
176238 3.10
176489 3.10
176739 3.09
176990 3.09
177241 3.09
177491 3.09
177742 3.08
177993 3.08
178243 3.08
178494 3.08
178745 3.08
178996 3.07
179247 3.07
179497 3.07
179748 3.07
179998 3.07
180249 3.06
180500 3.06
180751 3.06
181002 3.06
181253 3.06
181502 3.05
181753 3.05
182004 3.05
182255 3.05
182506 3.05
182757 3.04
183007 3.04
183258 3.04
183508 3.04
183759 3.04
184010 3.03
184261 3.03
184512 3.03
184762 3.03
185013 3.03
185264 3.02
185515 3.02
185765 3.02
186016 3.02
186266 3.02
186517 3.01
186768 3.01
187019 3.01
187270 3.01
187521 3.01
187771 3.00
188021 3.00
188272 3.00
188523 3.00
188774 2.99
189025 2.99
189276 2.99
189526 2.99
189776 2.99
190027 2.99
190278 2.98
190529 2.98
190780 2.98
191031 2.98
191281 2.97
191532 2.97
191782 2.97
192033 2.97
192284 2.97
192535 2.96
192785 2.96
193036 2.96
193287 2.96
193538 2.96
193788 2.96
194039 2.95
194290 2.95
194540 2.95
194791 2.95
195042 2.94
195293 2.94
195544 2.94
195794 2.94
196044 2.94
196295 2.94
196546 2.93
196797 2.93
197048 2.93
197299 2.93
197550 2.93
197799 2.92
198050 2.92
198301 2.92
198552 2.92
198803 2.92
199054 2.92
199305 2.92
199555 2.92
199805 2.91
200056 2.91
200307 2.91
200558 2.91
200809 2.91
201059 2.90
201310 2.90
201561 2.90
201811 2.90
202062 2.90
202313 2.89
202564 2.89
202814 2.89
203065 2.89
203316 2.89
203567 2.88
203817 2.88
204068 2.88
204318 2.88
204569 2.88
204820 2.87
205071 2.87
205322 2.87
205573 2.87
205824 2.87
206073 2.87
206324 2.86
206575 2.86
206826 2.86
207077 2.86
207328 2.86
207579 2.85
207828 2.85
208079 2.85
208330 2.85
208581 2.85
208832 2.84
209083 2.84
209333 2.84
209584 2.84
209835 2.84
210085 2.84
210336 2.83
210587 2.83
210838 2.83
211088 2.83
211339 2.82
211590 2.82
211841 2.82
212091 2.82
212342 2.82
212592 2.81
212843 2.81
213094 2.81
213345 2.81
213596 2.81
213847 2.81
214097 2.81
214347 2.80
214598 2.80
214849 2.80
215100 2.80
215351 2.79
215602 2.79
215853 2.79
216102 2.79
216353 2.79
216604 2.79
216855 2.78
217106 2.78
217357 2.78
217607 2.78
217858 2.78
218108 2.78
218359 2.77
218610 2.77
218861 2.77
219112 2.77
219362 2.77
219613 2.76
219864 2.76
220114 2.76
220365 2.76
220616 2.76
220866 2.75
221117 2.75
221368 2.75
221619 2.75
221870 2.75
222120 2.74
222371 2.74
222621 2.74
222872 2.74
223123 2.74
223374 2.73
223625 2.73
223876 2.73
224126 2.73
224376 2.73
224627 2.73
224878 2.72
225129 2.72
225380 2.72
225631 2.72
225881 2.72
226131 2.72
226382 2.72
226633 2.71
226884 2.71
227135 2.71
227386 2.71
227636 2.71
227887 2.71
228137 2.71
228388 2.70
228639 2.70
228890 2.70
229141 2.70
229391 2.70
229642 2.69
229893 2.69
230144 2.69
230394 2.69
230645 2.69
230895 2.69
231146 2.68
231397 2.68
231648 2.68
231899 2.68
232150 2.68
232400 2.68
232650 2.67
232901 2.67
233152 2.67
233403 2.67
233654 2.67
233905 2.67
234155 2.66
234405 2.66
234656 2.66
234907 2.66
235158 2.66
235409 2.65
235660 2.65
235910 2.65
236161 2.65
236411 2.65
236662 2.65
236913 2.64
237164 2.64
237415 2.64
237665 2.64
237916 2.64
238167 2.63
238417 2.63
238668 2.63
238919 2.63
239169 2.63
239420 2.63
239671 2.62
239922 2.62
240173 2.62
240423 2.62
240674 2.62
240924 2.61
241175 2.61
241426 2.61
241677 2.61
241928 2.61
242179 2.61
242428 2.61
242679 2.60
242930 2.60
243181 2.60
243432 2.60
243683 2.59
243934 2.60
244184 2.59
244434 2.59
244685 2.59
244936 2.59
245187 2.59
245438 2.58
245689 2.58
245939 2.58
246190 2.58
246440 2.58
246691 2.58
246942 2.57
247193 2.57
247443 2.57
247694 2.57
247945 2.57
248196 2.56
248446 2.56
248697 2.56
248948 2.56
249198 2.56
249449 2.56
249700 2.55
249951 2.55
250202 2.55
250452 2.55
250702 2.55
250953 2.55
251204 2.55
251455 2.54
251706 2.54
251957 2.54
252208 2.54
252457 2.54
252708 2.53
252959 2.53
253210 2.53
253461 2.53
253712 2.53
253963 2.53
254213 2.52
254464 2.52
254714 2.52
254965 2.52
255216 2.52
255467 2.52
255717 2.51
255968 2.51
256219 2.51
256470 2.51
256720 2.51
256971 2.51
257222 2.50
257472 2.50
257723 2.50
257974 2.50
258225 2.50
258476 2.50
258726 2.50
258977 2.50
259227 2.49
259478 2.49
259729 2.49
259980 2.49
260231 2.49
260482 2.49
260731 2.49
260982 2.48
261233 2.48
261484 2.48
261735 2.48
261986 2.48
262237 2.48
262487 2.47
262737 2.47
262988 2.47
263239 2.47
263490 2.47
263741 2.47
263991 2.46
264242 2.46
264493 2.46
264743 2.46
264994 2.46
265245 2.46
265496 2.45
265746 2.45
265997 2.45
266248 2.45
266499 2.45
266749 2.45
267000 2.45
267251 2.44
267501 2.44
267752 2.44
268003 2.44
268254 2.44
268505 2.43
268755 2.43
269005 2.43
269256 2.43
269507 2.43
269758 2.43
270009 2.42
270260 2.42
270511 2.42
270760 2.42
271011 2.42
271262 2.42
271513 2.42
271764 2.41
272015 2.41
272266 2.41
272516 2.41
272766 2.41
273017 2.41
273268 2.40
273519 2.40
273770 2.40
274020 2.40
274271 2.40
274522 2.40
274772 2.39
275023 2.39
275274 2.39
275525 2.39
275775 2.39
276026 2.38
276277 2.38
276528 2.38
276779 2.38
277029 2.38
277279 2.38
277530 2.38
277781 2.38
278032 2.37
278283 2.37
278534 2.37
278785 2.37
279034 2.37
279285 2.37
279536 2.36
279787 2.36
280038 2.36
280289 2.36
280540 2.36
280790 2.35
281040 2.35
281291 2.35
281542 2.35
281793 2.35
282044 2.35
282294 2.34
282545 2.34
282796 2.34
283046 2.34
283297 2.34
283548 2.34
283799 2.34
284049 2.34
284300 2.34
284551 2.33
284802 2.33
285052 2.33
285303 2.33
285553 2.33
285804 2.32
286055 2.32
286306 2.32
286557 2.32
286808 2.32
287058 2.32
287308 2.32
287559 2.31
287810 2.31
288061 2.31
288312 2.31
288563 2.31
288814 2.31
289063 2.30
289314 2.30
289565 2.30
289816 2.30
290067 2.30
290318 2.30
290568 2.30
290819 2.29
291069 2.29
291320 2.29
291571 2.29
291822 2.29
292073 2.29
292323 2.29
292574 2.29
292825 2.29
293075 2.28
293326 2.28
293577 2.28
293828 2.28
294078 2.28
294329 2.28
294580 2.28
294831 2.27
295081 2.27
295332 2.27
295582 2.27
295833 2.27
296084 2.27
296335 2.26
296586 2.26
296837 2.26
297088 2.26
297337 2.26
297588 2.26
297839 2.26
298090 2.25
298341 2.25
298592 2.25
298842 2.25
299092 2.25
299343 2.25
299594 2.25
299845 2.24
300096 2.24
300347 2.24
300597 2.24
300848 2.24
301099 2.24
301349 2.23
301600 2.23
301851 2.23
302102 2.23
302352 2.23
302603 2.23
302854 2.22
303105 2.22
303355 2.22
303606 2.22
303856 2.22
304107 2.22
304358 2.22
304609 2.21
304860 2.21
305111 2.21
305361 2.21
305611 2.21
305862 2.21
306113 2.21
306364 2.20
306615 2.20
306866 2.20
307117 2.20
307366 2.20
307617 2.20
307868 2.20
308119 2.19
308370 2.19
308621 2.19
308871 2.19
309122 2.19
309372 2.19
309623 2.19
309874 2.18
310125 2.18
310376 2.18
310626 2.18
310877 2.18
311128 2.18
311378 2.17
311629 2.17
311880 2.17
312130 2.17
312381 2.17
312632 2.17
312883 2.17
313134 2.16
313384 2.16
313635 2.16
313885 2.16
314136 2.16
314387 2.16
314638 2.16
314889 2.15
315140 2.15
315390 2.15
315640 2.15
315891 2.15
316142 2.15
316393 2.15
316644 2.14
316895 2.14
317145 2.14
317395 2.14
317646 2.14
317897 2.14
318148 2.13
318399 2.13
318650 2.13
318900 2.13
319151 2.13
319401 2.13
319652 2.13
319903 2.13
320154 2.12
320405 2.12
320655 2.12
320906 2.12
321157 2.12
321408 2.12
321658 2.12
321909 2.11
322160 2.11
322410 2.11
322661 2.11
322912 2.11
323163 2.11
323414 2.10
323664 2.10
323914 2.10
324165 2.10
324416 2.10
324667 2.10
324918 2.10
325169 2.10
325420 2.09
325669 2.09
325920 2.09
326171 2.09
326422 2.09
326673 2.09
326924 2.09
327174 2.08
327425 2.08
327675 2.08
327926 2.08
328177 2.08
328428 2.08
328679 2.08
328929 2.08
329180 2.08
329431 2.08
329681 2.07
329932 2.07
330183 2.07
330433 2.07
330684 2.07
330935 2.07
331186 2.07
331437 2.06
331687 2.06
331937 2.06
332188 2.06
332439 2.06
332690 2.06
332941 2.06
333192 2.06
333442 2.05
333692 2.05
333943 2.05
334194 2.05
334445 2.05
334696 2.05
334947 2.04
335197 2.04
335448 2.04
335698 2.04
335949 2.04
336200 2.04
336451 2.04
336701 2.04
336952 2.03
337203 2.03
337454 2.03
337704 2.03
337955 2.03
338206 2.03
338456 2.03
338707 2.02
338958 2.02
339209 2.02
339460 2.02
339710 2.02
339960 2.02
340211 2.02
340462 2.02
340713 2.01
340964 2.01
341215 2.01
341465 2.01
341715 2.01
341966 2.01
342217 2.01
342468 2.00
342719 2.00
342970 2.00
343220 2.00
343471 2.00
343721 2.00
343972 1.99
344223 2.00
344474 1.99
344724 1.99
344975 1.99
345226 1.99
345477 1.99
345728 1.99
345978 1.99
346229 1.98
346479 1.98
346730 1.98
346981 1.98
347232 1.98
347483 1.98
347734 1.98
347983 1.97
348234 1.97
348485 1.97
348736 1.97
348987 1.97
349238 1.97
349489 1.97
349739 1.97
349989 1.96
350240 1.96
350491 1.96
350742 1.96
350993 1.96
351243 1.96
351494 1.96
351745 1.96
351995 1.95
352246 1.95
352497 1.95
352748 1.95
352998 1.95
353249 1.95
353500 1.95
353751 1.94
354001 1.94
354252 1.94
354502 1.94
354753 1.94
355004 1.94
355255 1.94
355506 1.94
355757 1.93
356007 1.93
356257 1.93
356508 1.93
356759 1.93
357010 1.93
357261 1.93
357512 1.92
357763 1.92
358012 1.92
358263 1.92
358514 1.92
358765 1.92
359016 1.92
359267 1.92
359517 1.91
359768 1.91
360018 1.91
360269 1.91
360520 1.91
360771 1.91
361022 1.91
361272 1.90
361523 1.90
361774 1.90
362024 1.90
362275 1.90
362526 1.90
362776 1.90
363027 1.90
363278 1.89
363529 1.89
363780 1.89
364030 1.89
364281 1.89
364531 1.89
364782 1.89
365033 1.89
365284 1.88
365535 1.88
365786 1.88
366035 1.88
366286 1.88
366537 1.88
366788 1.88
367039 1.88
367290 1.88
367541 1.88
367791 1.87
368041 1.87
368292 1.87
368543 1.87
368794 1.87
369045 1.87
369296 1.87
369546 1.87
369797 1.87
370048 1.87
370298 1.86
370549 1.86
370800 1.86
371050 1.86
371301 1.86
371552 1.86
371803 1.86
372054 1.85
372304 1.85
372555 1.85
372805 1.85
373056 1.85
373307 1.85
373558 1.85
373809 1.85
374060 1.84
374309 1.84
374560 1.84
374811 1.84
375062 1.84
375313 1.84
375564 1.84
375815 1.84
376065 1.84
376315 1.83
376566 1.83
376817 1.83
377068 1.83
377319 1.83
377570 1.83
377820 1.82
378071 1.82
378321 1.82
378572 1.82
378823 1.82
379074 1.82
379324 1.82
379575 1.82
379826 1.82
380077 1.81
380327 1.81
380578 1.81
380829 1.81
381079 1.81
381330 1.81
381581 1.81
381832 1.80
382083 1.80
382333 1.80
382583 1.80
382834 1.80
383085 1.80
383336 1.80
383587 1.80
383838 1.80
384089 1.79
384338 1.79
384589 1.79
384840 1.79
385091 1.79
385342 1.79
385593 1.79
385844 1.79
386094 1.79
386344 1.78
386595 1.78
386846 1.78
387097 1.78
387348 1.78
387598 1.78
387849 1.78
388100 1.78
388350 1.77
388601 1.77
388852 1.77
389103 1.77
389353 1.77
389604 1.77
389855 1.76
390106 1.77
390356 1.76
390607 1.76
390857 1.76
391108 1.76
391359 1.76
391610 1.76
391861 1.76
392112 1.76
392363 1.76
392612 1.75
392863 1.75
393114 1.75
393365 1.75
393616 1.75
393867 1.75
394118 1.75
394368 1.74
394618 1.74
394869 1.74
395120 1.74
395371 1.74
395622 1.74
395872 1.74
396123 1.74
396374 1.73
396624 1.73
396875 1.73
397126 1.73
397377 1.73
397627 1.73
397878 1.73
398129 1.73
398380 1.73
398630 1.72
398881 1.72
399131 1.72
399382 1.72
399633 1.72
399884 1.72
400135 1.72
400386 1.72
400636 1.72
400886 1.71
401137 1.71
401388 1.71
401639 1.71
401890 1.71
402141 1.71
402392 1.71
402641 1.71
402892 1.71
403143 1.71
403394 1.70
403645 1.70
403896 1.70
404146 1.70
404397 1.70
404647 1.70
404898 1.70
405149 1.69
405400 1.69
405651 1.69
405901 1.69
406152 1.69
406403 1.69
406653 1.69
406904 1.69
407155 1.69
407406 1.68
407656 1.68
407907 1.68
408158 1.68
408409 1.68
408659 1.68
408910 1.68
409160 1.68
409411 1.68
409662 1.67
409913 1.67
410164 1.67
410415 1.67
410665 1.67
410915 1.67
411166 1.67
411417 1.67
411668 1.67
411919 1.67
412170 1.67
412420 1.67
412670 1.67
412921 1.66
413172 1.66
413423 1.66
413674 1.66
413925 1.66
414175 1.66
414426 1.66
414676 1.66
414927 1.66
415178 1.65
415429 1.65
415680 1.65
415930 1.65
416181 1.65
416432 1.65
416683 1.65
416933 1.65
417184 1.64
417434 1.64
417685 1.64
417936 1.64
418187 1.64
418438 1.64
418689 1.64
418939 1.64
419189 1.64
419440 1.64
419691 1.63
419942 1.63
420193 1.63
420444 1.63
420694 1.63
420944 1.63
421195 1.63
421446 1.62
421697 1.63
421948 1.62
422199 1.62
422449 1.62
422700 1.62
422950 1.62
423201 1.62
423452 1.62
423703 1.62
423954 1.61
424204 1.61
424455 1.61
424706 1.61
424956 1.61
425207 1.61
425458 1.61
425708 1.61
425959 1.61
426210 1.60
426461 1.61
426712 1.60
426962 1.60
427213 1.60
427463 1.60
427714 1.60
427965 1.60
428216 1.60
428467 1.60
428718 1.59
428968 1.59
429218 1.59
429469 1.59
429720 1.59
429971 1.59
430222 1.59
430473 1.59
430723 1.58
430973 1.58
431224 1.58
431475 1.58
431726 1.58
431977 1.58
432228 1.58
432478 1.58
432729 1.58
432979 1.58
433230 1.57
433481 1.57
433732 1.57
433982 1.57
434233 1.57
434484 1.57
434735 1.57
434985 1.57
435236 1.57
435487 1.57
435737 1.56
435988 1.56
436239 1.56
436490 1.56
436741 1.56
436992 1.56
437242 1.56
437492 1.56
437743 1.56
437994 1.55
438245 1.55
438496 1.55
438747 1.55
438996 1.55
439247 1.55
439498 1.55
439749 1.55
440000 1.55
440251 1.55
440502 1.55
440752 1.54
441003 1.54
441253 1.54
441504 1.54
441755 1.54
442006 1.54
442256 1.54
442507 1.54
442758 1.53
443009 1.53
443259 1.53
443510 1.53
443761 1.53
444011 1.53
444262 1.53
444513 1.53
444764 1.53
445015 1.53
445265 1.52
445516 1.52
445766 1.52
446017 1.52
446268 1.52
446519 1.52
446770 1.52
447021 1.52
447270 1.52
447521 1.52
447772 1.51
448023 1.51
448274 1.51
448525 1.51
448776 1.51
449026 1.51
449276 1.51
449527 1.51
449778 1.51
450029 1.50
450280 1.50
450531 1.50
450781 1.50
451032 1.50
451282 1.50
451533 1.50
451784 1.50
452035 1.50
452285 1.49
452536 1.49
452787 1.49
453038 1.49
453288 1.49
453539 1.49
453790 1.49
454040 1.49
454291 1.49
454542 1.49
454793 1.48
455044 1.48
455294 1.48
455545 1.48
455795 1.48
456046 1.48
456297 1.48
456548 1.48
456799 1.48
457050 1.48
457299 1.48
457550 1.47
457801 1.47
458052 1.47
458303 1.47
458554 1.47
458805 1.47
459055 1.47
459305 1.46
459556 1.47
459807 1.46
460058 1.46
460309 1.46
460559 1.46
460810 1.46
461061 1.46
461312 1.46
461562 1.46
461813 1.46
462064 1.46
462314 1.46
462565 1.46
462816 1.46
463067 1.46
463318 1.46
463568 1.45
463819 1.45
464069 1.45
464320 1.45
464571 1.45
464822 1.45
465073 1.45
465324 1.45
465573 1.45
465824 1.44
466075 1.44
466326 1.44
466577 1.44
466828 1.44
467079 1.44
467329 1.44
467579 1.44
467830 1.44
468081 1.44
468332 1.44
468583 1.44
468833 1.43
469084 1.43
469335 1.43
469585 1.43
469836 1.43
470087 1.43
470338 1.43
470588 1.43
470839 1.43
471090 1.42
471341 1.42
471591 1.42
471842 1.42
472093 1.42
472343 1.42
472594 1.42
472845 1.42
473096 1.42
473347 1.42
473597 1.41
473848 1.41
474098 1.41
474349 1.41
474600 1.41
474851 1.41
475102 1.41
475353 1.41
475602 1.41
475853 1.41
476104 1.40
476355 1.41
476606 1.40
476857 1.40
477108 1.40
477358 1.40
477608 1.40
477859 1.40
478110 1.40
478361 1.40
478612 1.40
478862 1.39
479113 1.39
479364 1.39
479614 1.39
479865 1.39
480116 1.39
480367 1.39
480617 1.39
480868 1.39
481119 1.39
481370 1.38
481620 1.39
481871 1.38
482122 1.38
482372 1.38
482623 1.38
482874 1.38
483125 1.38
483376 1.38
483627 1.38
483876 1.38
484127 1.37
484378 1.37
484629 1.37
484880 1.37
485131 1.37
485382 1.37
485632 1.37
485882 1.37
486133 1.37
486384 1.37
486635 1.36
486886 1.36
487136 1.37
487387 1.36
487638 1.36
487888 1.36
488139 1.36
488390 1.36
488641 1.36
488891 1.36
489142 1.36
489393 1.36
489644 1.36
489894 1.35
490145 1.35
490396 1.35
490646 1.35
490897 1.35
491148 1.35
491399 1.35
491650 1.35
491900 1.35
492150 1.34
492401 1.34
492652 1.34
492903 1.34
493154 1.34
493405 1.34
493656 1.34
493905 1.34
494156 1.34
494407 1.34
494658 1.33
494909 1.33
495160 1.34
495411 1.33
495661 1.33
495911 1.33
496162 1.33
496413 1.33
496664 1.33
496915 1.33
497165 1.33
497416 1.32
497667 1.32
497917 1.32
498168 1.32
498419 1.32
498670 1.32
498920 1.32
499171 1.32
499422 1.32
499673 1.32
499923 1.32
500174 1.32
500424 1.31
500675 1.31
500926 1.31
501177 1.31
501428 1.31
501679 1.31
501929 1.31
502179 1.31
502430 1.31
502681 1.31
502932 1.31
503183 1.31
503434 1.30
503685 1.30
503934 1.30
504185 1.30
504436 1.30
504687 1.30
504938 1.30
505189 1.30
505439 1.30
505690 1.30
505940 1.30
506191 1.29
506442 1.29
506693 1.29
506944 1.29
507194 1.29
507445 1.29
507696 1.29
507947 1.29
508197 1.29
508448 1.29
508699 1.28
508949 1.29
509200 1.29
509451 1.28
509702 1.28
509953 1.28
510203 1.28
510453 1.28
510704 1.28
510955 1.28
511206 1.28
511457 1.27
511708 1.27
511959 1.27
512208 1.27
512459 1.27
512710 1.27
512961 1.27
513212 1.27
513463 1.27
513713 1.27
513964 1.27
514214 1.27
514465 1.26
514716 1.26
514967 1.26
515218 1.26
515468 1.26
515719 1.26
515970 1.26
516220 1.26
516471 1.26
516722 1.26
516973 1.26
517223 1.25
517474 1.26
517725 1.25
517976 1.25
518226 1.25
518477 1.25
518727 1.25
518978 1.25
519229 1.25
519480 1.25
519731 1.25
519982 1.25
520232 1.25
520482 1.25
520733 1.25
520984 1.25
521235 1.25
521486 1.25
521737 1.25
521987 1.24
522237 1.24
522488 1.24
522739 1.24
522990 1.24
523241 1.24
523492 1.24
523742 1.24
523993 1.24
524243 1.24
524494 1.24
524745 1.23
524996 1.23
525247 1.23
525497 1.23
525748 1.23
525999 1.23
526249 1.23
526500 1.23
526751 1.23
527001 1.23
527252 1.23
527503 1.23
527754 1.23
528005 1.23
528256 1.22
528506 1.22
528756 1.22
529007 1.22
529258 1.22
529509 1.22
529760 1.22
530011 1.22
530260 1.22
530511 1.22
530762 1.21
531013 1.21
531264 1.21
531515 1.21
531766 1.21
532016 1.21
532267 1.21
532517 1.21
532768 1.21
533019 1.21
533270 1.21
533520 1.21
533771 1.21
534022 1.20
534273 1.20
534523 1.20
534774 1.20
535025 1.20
535275 1.20
535526 1.20
535777 1.20
536028 1.19
536279 1.20
536529 1.20
536779 1.19
537030 1.19
537281 1.19
537532 1.19
537783 1.19
538034 1.19
538285 1.19
538534 1.19
538785 1.19
539036 1.19
539287 1.19
539538 1.19
539789 1.19
540039 1.18
540290 1.18
540540 1.18
540791 1.18
541042 1.18
541293 1.18
541544 1.18
541794 1.18
542045 1.18
542296 1.18
542546 1.18
542797 1.17
543048 1.17
543298 1.17
543549 1.17
543800 1.17
544051 1.17
544302 1.17
544552 1.17
544803 1.17
545053 1.17
545304 1.17
545555 1.17
545806 1.17
546057 1.17
546308 1.16
546557 1.16
546808 1.16
547059 1.16
547310 1.16
547561 1.16
547812 1.16
548063 1.16
548313 1.16
548563 1.16
548814 1.16
549065 1.16
549316 1.15
549567 1.15
549818 1.15
550068 1.15
550319 1.15
550569 1.15
550820 1.15
551071 1.15
551322 1.15
551572 1.15
551823 1.15
552074 1.15
552325 1.14
552576 1.14
552826 1.14
553077 1.15
553327 1.14
553578 1.14
553829 1.14
554080 1.14
554331 1.14
554582 1.14
554831 1.14
555082 1.14
555333 1.14
555584 1.14
555835 1.13
556086 1.13
556337 1.13
556587 1.13
556837 1.13
557088 1.13
557339 1.13
557590 1.13
557841 1.13
558091 1.13
558342 1.13
558593 1.13
558843 1.13
559094 1.12
559345 1.12
559596 1.12
559846 1.12
560097 1.12
560348 1.12
560599 1.12
560849 1.12
561100 1.12
561351 1.12
561601 1.12
561852 1.12
562103 1.12
562354 1.11
562605 1.11
562855 1.11
563105 1.11
563356 1.11
563607 1.11
563858 1.11
564109 1.11
564360 1.11
564611 1.11
564860 1.11
565111 1.11
565362 1.10
565613 1.10
565864 1.10
566115 1.10
566365 1.10
566616 1.10
566866 1.10
567117 1.10
567368 1.10
567619 1.10
567870 1.10
568120 1.10
568371 1.10
568622 1.10
568872 1.10
569123 1.09
569374 1.09
569624 1.09
569875 1.09
570126 1.09
570377 1.09
570628 1.09
570878 1.09
571129 1.09
571379 1.09
571630 1.09
571881 1.09
572132 1.09
572383 1.09
572634 1.08
572883 1.08
573134 1.08
573385 1.08
573636 1.08
573887 1.08
574138 1.08
574388 1.08
574639 1.08
574889 1.08
575140 1.08
575391 1.08
575642 1.08
575892 1.08
576143 1.07
576394 1.07
576645 1.07
576896 1.07
577146 1.07
577397 1.07
577647 1.07
577898 1.07
578149 1.07
578400 1.07
578651 1.07
578902 1.07
579151 1.06
579402 1.06
579653 1.06
579904 1.06
580155 1.06
580406 1.06
580656 1.06
580907 1.06
581157 1.06
581408 1.06
581659 1.06
581910 1.06
582160 1.06
582411 1.06
582662 1.05
582913 1.06
583163 1.05
583414 1.05
583665 1.05
583915 1.05
584166 1.05
584417 1.05
584668 1.05
584919 1.05
585169 1.05
585419 1.05
585670 1.05
585921 1.05
586172 1.05
586423 1.04
586674 1.04
586924 1.04
587174 1.04
587425 1.04
587676 1.04
587927 1.04
588178 1.04
588429 1.04
588679 1.04
588930 1.04
589180 1.04
589431 1.04
589682 1.04
589933 1.04
590183 1.04
590434 1.04
590685 1.04
590936 1.04
591186 1.04
591437 1.04
591687 1.04
591938 1.04
592189 1.03
592440 1.03
592691 1.03
592942 1.03
593191 1.03
593442 1.03
593693 1.03
593944 1.03
594195 1.03
594446 1.03
594697 1.03
594947 1.03
595197 1.03
595448 1.02
595699 1.02
595950 1.02
596201 1.02
596451 1.02
596702 1.02
596953 1.02
597203 1.02
597454 1.02
597705 1.02
597955 1.02
598206 1.02
598457 1.02
598708 1.02
598959 1.01
599209 1.01
599460 1.01
599710 1.01
599961 1.01
600212 1.01
600463 1.01
600714 1.01
600965 1.01
601214 1.01
601465 1.01
601716 1.01
601967 1.01
602218 1.01
602469 1.01
602719 1.01
602970 1.01
603220 1.00
603471 1.00
603722 1.00
603973 1.00
604224 1.00
604474 1.00
604725 1.00
604976 1.00
605227 1.00
605477 1.00
605728 1.00
605978 1.00
606229 1.00
606480 0.99
606731 0.99
606982 0.99
607233 0.99
607482 0.99
607733 0.99
607984 0.99
608235 0.99
608486 0.99
608737 0.99
608988 0.99
609238 0.99
609488 0.99
609739 0.99
609990 0.99
610241 0.99
610492 0.98
610742 0.98
610993 0.98
611244 0.98
611494 0.98
611745 0.98
611996 0.98
612246 0.98
612497 0.98
612748 0.98
612999 0.98
613250 0.98
613500 0.98
613751 0.97
614001 0.97
614252 0.97
614503 0.97
614754 0.97
615005 0.97
615256 0.97
615505 0.97
615756 0.97
616007 0.97
616258 0.97
616509 0.97
616760 0.97
617010 0.97
617261 0.97
617511 0.97
617762 0.97
618013 0.96
618264 0.96
618514 0.96
618765 0.96
619016 0.96
619267 0.96
619517 0.96
619768 0.96
620019 0.96
620269 0.96
620520 0.96
620771 0.96
621022 0.95
621273 0.96
621523 0.96
621773 0.96
622024 0.95
622275 0.95
622526 0.95
622777 0.95
623028 0.95
623278 0.95
623528 0.95
623779 0.95
624030 0.95
624281 0.95
624532 0.95
624782 0.95
625033 0.95
625284 0.95
625534 0.95
625785 0.95
626036 0.94
626287 0.94
626537 0.94
626788 0.94
627039 0.94
627290 0.94
627540 0.94
627791 0.94
628041 0.94
628292 0.94
628543 0.94
628794 0.94
629045 0.94
629296 0.93
629545 0.94
629796 0.93
630047 0.93
630298 0.93
630549 0.93
630800 0.93
631051 0.93
631301 0.93
631552 0.93
631802 0.93
632053 0.93
632304 0.93
632555 0.93
632805 0.93
633056 0.93
633307 0.93
633558 0.93
633808 0.93
634059 0.92
634310 0.92
634560 0.92
634811 0.92
635062 0.92
635313 0.92
635564 0.92
635814 0.92
636064 0.92
636315 0.92
636566 0.92
636817 0.92
637068 0.92
637319 0.92
637569 0.92
637819 0.91
638070 0.91
638321 0.91
638572 0.91
638823 0.91
639074 0.91
639324 0.91
639575 0.91
639825 0.91
640076 0.91
640327 0.91
640578 0.91
640828 0.91
641079 0.91
641330 0.91
641581 0.90
641831 0.90
642082 0.90
642333 0.90
642583 0.90
642834 0.90
643085 0.90
643336 0.90
643587 0.90
643837 0.90
644087 0.90
644338 0.90
644589 0.90
644840 0.90
645091 0.90
645342 0.90
645592 0.90
645842 0.89
646093 0.90
646344 0.89
646595 0.89
646846 0.89
647096 0.89
647347 0.89
647598 0.89
647848 0.89
648099 0.89
648350 0.89
648601 0.89
648851 0.89
649102 0.89
649353 0.89
649604 0.89
649854 0.89
650105 0.89
650355 0.89
650606 0.88
650857 0.88
651108 0.88
651359 0.88
651610 0.88
651859 0.88
652110 0.88
652361 0.88
652612 0.88
652863 0.88
653114 0.88
653364 0.88
653615 0.88
653865 0.88
654116 0.88
654367 0.87
654618 0.87
654869 0.87
655119 0.87
655370 0.87
655621 0.87
655872 0.87
656122 0.87
656373 0.87
656623 0.87
656874 0.87
657125 0.87
657376 0.87
657627 0.87
657878 0.87
658127 0.87
658378 0.87
658629 0.87
658880 0.87
659131 0.86
659382 0.86
659633 0.86
659883 0.86
660133 0.86
660384 0.86
660635 0.86
660886 0.86
661137 0.86
661387 0.86
661638 0.86
661889 0.86
662139 0.86
662390 0.86
662641 0.86
662891 0.86
663142 0.86
663393 0.86
663644 0.86
663895 0.85
664145 0.85
664395 0.86
664646 0.85
664897 0.85
665148 0.85
665399 0.85
665650 0.85
665901 0.85
666150 0.85
666401 0.85
666652 0.85
666903 0.85
667154 0.85
667405 0.85
667655 0.85
667906 0.85
668156 0.85
668407 0.84
668658 0.84
668909 0.84
669159 0.84
669410 0.84
669661 0.84
669912 0.84
670162 0.84
670413 0.84
670663 0.84
670914 0.84
671165 0.84
671416 0.84
671667 0.84
671918 0.84
672168 0.83
672418 0.84
672669 0.83
672920 0.83
673171 0.84
673422 0.83
673673 0.83
673923 0.83
674173 0.83
674424 0.83
674675 0.83
674926 0.83
675177 0.83
675427 0.83
675678 0.83
675929 0.83
676179 0.83
676430 0.83
676681 0.83
676932 0.83
677182 0.83
677433 0.83
677684 0.83
677935 0.83
678185 0.83
678436 0.83
678686 0.83
678937 0.83
679188 0.83
679439 0.83
679690 0.82
679941 0.83
680190 0.82
680441 0.82
680692 0.82
680943 0.82
681194 0.82
681445 0.82
681696 0.82
681946 0.82
682196 0.82
682447 0.82
682698 0.82
682949 0.82
683200 0.82
683450 0.82
683701 0.82
683952 0.81
684203 0.82
684453 0.81
684704 0.81
684954 0.81
685205 0.81
685456 0.81
685707 0.81
685958 0.81
686209 0.81
686459 0.81
686709 0.81
686960 0.81
687211 0.81
687462 0.81
687713 0.81
687964 0.81
688214 0.81
688464 0.81
688715 0.80
688966 0.81
689217 0.81
689468 0.80
689718 0.80
689969 0.80
690220 0.80
690470 0.80
690721 0.80
690972 0.80
691223 0.80
691473 0.80
691724 0.80
691975 0.80
692226 0.80
692476 0.80
692727 0.80
692977 0.80
693228 0.80
693479 0.80
693730 0.79
693981 0.79
694232 0.79
694481 0.79
694732 0.79
694983 0.79
695234 0.79
695485 0.79
695736 0.79
695987 0.79
696237 0.79
696487 0.79
696738 0.79
696989 0.79
697240 0.79
697491 0.79
697741 0.79
697992 0.79
698243 0.79
698493 0.79
698744 0.78
698995 0.78
699245 0.78
699496 0.78
699747 0.78
699998 0.78
700249 0.78
700499 0.78
700749 0.78
701000 0.78
701251 0.78
701502 0.78
701753 0.78
702004 0.78
702255 0.78
702504 0.78
702755 0.78
703006 0.78
703257 0.78
703508 0.78
703759 0.78
704009 0.77
704260 0.77
704510 0.77
704761 0.77
705012 0.77
705263 0.77
705513 0.77
705764 0.77
706015 0.77
706266 0.77
706516 0.77
706767 0.77
707018 0.77
707268 0.77
707519 0.77
707770 0.77
708021 0.77
708272 0.77
708523 0.76
708772 0.77
709023 0.77
709274 0.76
709525 0.77
709776 0.76
710027 0.76
710277 0.76
710528 0.76
710778 0.76
711029 0.76
711280 0.76
711531 0.76
711782 0.76
712032 0.76
712283 0.76
712534 0.76
712784 0.76
713035 0.76
713286 0.76
713536 0.76
713787 0.76
714038 0.76
714289 0.75
714540 0.75
714790 0.75
715040 0.75
715291 0.75
715542 0.75
715793 0.75
716044 0.75
716295 0.75
716546 0.75
716795 0.75
717046 0.75
717297 0.75
717548 0.75
717799 0.75
718050 0.75
718300 0.75
718551 0.75
718801 0.75
719052 0.75
719303 0.75
719554 0.74
719805 0.74
720055 0.74
720306 0.74
720557 0.74
720807 0.74
721058 0.74
721309 0.74
721559 0.74
721810 0.74
722061 0.74
722312 0.74
722563 0.74
722813 0.74
723063 0.74
723314 0.74
723565 0.74
723816 0.74
724067 0.74
724318 0.74
724569 0.74
724818 0.74
725069 0.73
725320 0.73
725571 0.73
725822 0.73
726073 0.73
726323 0.73
726574 0.73
726824 0.73
727075 0.73
727326 0.73
727577 0.73
727827 0.73
728078 0.73
728329 0.73
728580 0.73
728830 0.73
729081 0.73
729332 0.73
729582 0.72
729833 0.73
730084 0.73
730335 0.72
730586 0.72
730836 0.73
731086 0.72
731337 0.72
731588 0.72
731839 0.72
732090 0.72
732341 0.72
732591 0.72
732841 0.72
733092 0.72
733343 0.72
733594 0.72
733845 0.72
734096 0.72
734346 0.72
734597 0.72
734848 0.72
735098 0.72
735349 0.72
735600 0.72
735850 0.71
736101 0.72
736352 0.71
736603 0.71
736854 0.71
737104 0.71
737355 0.71
737605 0.71
737856 0.71
738107 0.71
738358 0.71
738609 0.71
738860 0.71
739109 0.71
739360 0.71
739611 0.71
739862 0.71
740113 0.71
740364 0.71
740614 0.71
740865 0.71
741115 0.70
741366 0.70
741617 0.70
741868 0.70
742119 0.70
742369 0.70
742620 0.70
742871 0.70
743121 0.70
743372 0.70
743623 0.70
743873 0.70
744124 0.70
744375 0.70
744626 0.70
744877 0.70
745127 0.70
745377 0.70
745628 0.70
745879 0.70
746130 0.70
746381 0.70
746632 0.70
746883 0.70
747132 0.70
747383 0.69
747634 0.70
747885 0.69
748136 0.69
748387 0.69
