8771 4.71
9022 4.71
9272 4.70
9523 4.70
9774 4.70
10024 4.69
10275 4.69
10525 4.69
10776 4.68
11027 4.68
11278 4.68
11529 4.67
11779 4.67
12029 4.67
12280 4.66
12531 4.66
12782 4.65
13032 4.65
13283 4.65
13534 4.64
13785 4.64
14035 4.64
14285 4.63
14536 4.63
14787 4.63
15038 4.62
15289 4.62
15539 4.61
15790 4.61
16040 4.61
16291 4.60
16542 4.60
16792 4.60
17043 4.59
17294 4.59
17545 4.59
17796 4.58
18045 4.58
18296 4.58
18547 4.58
18798 4.58
19049 4.57
19299 4.57
19550 4.56
19801 4.56
20051 4.56
20302 4.55
20552 4.55
20803 4.55
21054 4.54
21305 4.54
21556 4.54
21806 4.53
22056 4.53
22307 4.53
22558 4.52
22809 4.52
23059 4.52
23310 4.51
23561 4.51
23812 4.51
24062 4.50
24312 4.50
24563 4.50
24814 4.49
25065 4.49
25316 4.49
25566 4.48
25817 4.48
26067 4.48
26318 4.47
26569 4.47
26819 4.47
27070 4.46
27321 4.46
27572 4.46
27823 4.45
28072 4.45
28323 4.45
28574 4.44
28825 4.44
29076 4.44
29326 4.43
29577 4.43
29828 4.43
30078 4.42
30329 4.42
30579 4.41
30830 4.41
31081 4.41
31332 4.41
31583 4.41
31833 4.40
32083 4.40
32334 4.39
32585 4.39
32836 4.39
33086 4.38
33337 4.38
33588 4.38
33839 4.38
34089 4.38
34340 4.37
34590 4.37
34841 4.37
35092 4.36
35343 4.36
35594 4.36
35844 4.35
36094 4.35
36345 4.35
36596 4.34
36847 4.34
37097 4.34
37348 4.34
37599 4.33
37850 4.33
38100 4.32
38350 4.32
38601 4.32
38852 4.32
39103 4.31
39354 4.31
39604 4.31
39855 4.30
40105 4.30
40356 4.30
40607 4.29
40857 4.29
41108 4.29
41359 4.28
41610 4.28
41861 4.28
42110 4.28
42361 4.27
42612 4.27
42863 4.27
43114 4.26
43364 4.26
43615 4.26
43866 4.25
44116 4.25
44367 4.25
44617 4.24
44868 4.24
45119 4.24
45370 4.24
45621 4.23
45871 4.23
46121 4.23
46372 4.22
46623 4.22
46874 4.22
47124 4.21
47375 4.21
47626 4.21
47877 4.21
48128 4.20
48377 4.20
48628 4.19
48879 4.19
49130 4.19
49381 4.19
49631 4.18
49882 4.18
50132 4.18
50383 4.18
50634 4.17
50885 4.17
51135 4.17
51386 4.17
51637 4.17
51888 4.16
52139 4.16
52388 4.16
52639 4.15
52890 4.15
53141 4.15
53392 4.14
53642 4.14
53893 4.14
54144 4.13
54394 4.13
54645 4.13
54895 4.12
55146 4.12
55397 4.12
55648 4.11
55899 4.12
56148 4.11
56399 4.11
56650 4.10
56901 4.10
57152 4.10
57402 4.09
57653 4.09
57904 4.09
58155 4.08
58405 4.08
58655 4.08
58906 4.08
59157 4.07
59408 4.07
59659 4.07
59909 4.07
60160 4.06
60410 4.06
60661 4.06
60912 4.06
61162 4.05
61413 4.05
61664 4.04
61915 4.04
62166 4.04
62415 4.04
62666 4.04
62917 4.03
63168 4.03
63419 4.02
63669 4.02
63920 4.02
64171 4.01
64421 4.01
64672 4.01
64922 4.01
65173 4.00
65424 4.00
65675 4.00
65926 4.00
66176 3.99
66426 3.99
66677 3.99
66928 3.98
67179 3.98
67429 3.98
67680 3.97
67931 3.97
68182 3.97
68432 3.97
68682 3.97
68933 3.96
69184 3.96
69435 3.96
69686 3.96
69936 3.96
70187 3.95
70437 3.95
70688 3.95
70939 3.95
71189 3.94
71440 3.94
71691 3.94
71942 3.93
72193 3.93
72442 3.93
72693 3.93
72944 3.92
73195 3.92
73446 3.92
73696 3.91
73947 3.91
74198 3.91
74448 3.91
74699 3.90
74949 3.90
75200 3.90
75451 3.89
75702 3.89
75953 3.89
76203 3.89
76453 3.88
76704 3.88
76955 3.88
77206 3.87
77456 3.87
77707 3.87
77958 3.87
78209 3.86
78459 3.86
78710 3.86
78960 3.86
79211 3.85
79462 3.85
79713 3.85
79964 3.85
80214 3.84
80464 3.84
80715 3.84
80966 3.83
81217 3.83
81467 3.83
81718 3.83
81969 3.82
82220 3.82
82470 3.82
82720 3.82
82971 3.81
83222 3.81
83473 3.81
83724 3.81
83974 3.80
84225 3.80
84475 3.80
84726 3.79
84977 3.79
85227 3.79
85478 3.79
85729 3.78
85980 3.78
86231 3.78
86480 3.77
86731 3.77
86982 3.77
87233 3.77
87484 3.76
87734 3.76
87985 3.76
88236 3.76
88486 3.75
88737 3.75
88987 3.75
89238 3.75
89489 3.75
89740 3.75
89991 3.74
90241 3.74
90491 3.74
90742 3.74
90993 3.73
91244 3.73
91494 3.73
91745 3.72
91996 3.72
92247 3.72
92497 3.72
92747 3.72
92998 3.71
93249 3.71
93500 3.71
93751 3.70
94001 3.70
94252 3.70
94502 3.70
94753 3.69
95004 3.69
95254 3.69
95505 3.69
95756 3.68
96007 3.68
96258 3.68
96508 3.68
96758 3.67
97009 3.67
97260 3.67
97511 3.67
97762 3.66
98012 3.66
98263 3.66
98513 3.66
98764 3.65
99015 3.65
99265 3.65
99516 3.65
99767 3.64
100018 3.64
100269 3.64
100518 3.64
100769 3.63
101020 3.63
101271 3.63
101522 3.63
101773 3.62
102024 3.62
102274 3.62
102524 3.62
102775 3.61
103026 3.61
103277 3.61
103528 3.61
103778 3.60
104029 3.60
104280 3.60
104530 3.60
104781 3.59
105032 3.59
105283 3.59
105533 3.59
105784 3.58
106035 3.58
106286 3.58
106536 3.58
106787 3.57
107038 3.57
107288 3.57
107539 3.57
107790 3.56
108041 3.56
108292 3.56
108542 3.55
108792 3.55
109043 3.55
109294 3.55
109545 3.55
109796 3.54
110047 3.54
110298 3.54
110547 3.54
110798 3.54
111049 3.54
111300 3.54
111551 3.53
111802 3.53
112052 3.53
112303 3.52
112553 3.52
112804 3.52
113055 3.52
113306 3.51
113557 3.51
113807 3.51
114058 3.51
114309 3.50
114560 3.50
114810 3.50
115061 3.50
115312 3.49
115562 3.49
115813 3.49
116064 3.49
116315 3.48
116566 3.48
116816 3.48
117066 3.48
117317 3.48
117568 3.48
117819 3.47
118070 3.47
118321 3.47
118572 3.46
118821 3.46
119072 3.46
119323 3.46
119574 3.45
119825 3.45
120076 3.45
120326 3.45
120577 3.44
120827 3.44
121078 3.44
121329 3.44
121580 3.44
121831 3.43
122081 3.43
122332 3.43
122583 3.42
122833 3.42
123084 3.42
123335 3.42
123586 3.42
123836 3.41
124087 3.41
124338 3.41
124589 3.41
124839 3.40
125090 3.40
125340 3.40
125591 3.40
125842 3.40
126093 3.39
126344 3.39
126595 3.39
126845 3.38
127095 3.38
127346 3.38
127597 3.38
127848 3.38
128099 3.37
128350 3.37
128600 3.37
128850 3.36
129101 3.36
129352 3.36
129603 3.36
129854 3.36
130105 3.36
130355 3.35
130606 3.35
130856 3.35
131107 3.35
131358 3.34
131609 3.34
131860 3.34
132110 3.34
132361 3.34
132612 3.33
132862 3.33
133113 3.33
133364 3.33
133614 3.33
133865 3.33
134116 3.32
134367 3.32
134618 3.32
134868 3.32
135119 3.31
135369 3.31
135620 3.31
135871 3.31
136122 3.31
136373 3.30
136624 3.30
136875 3.30
137124 3.30
137375 3.29
137626 3.29
137877 3.29
138128 3.29
138379 3.29
138629 3.28
138880 3.28
139130 3.28
139381 3.28
139632 3.27
139883 3.27
140134 3.27
140384 3.27
140635 3.26
140886 3.26
141136 3.26
141387 3.26
141638 3.25
141888 3.25
142139 3.25
142390 3.25
142641 3.25
142892 3.25
143142 3.24
143393 3.24
143643 3.24
143894 3.23
144145 3.23
144396 3.23
144647 3.23
144898 3.23
145148 3.23
145398 3.22
145649 3.22
145900 3.22
146151 3.22
146402 3.21
146653 3.21
146903 3.21
147153 3.21
147404 3.21
147655 3.20
147906 3.20
148157 3.20
148408 3.20
148658 3.19
148909 3.19
149159 3.19
149410 3.19
149661 3.18
149912 3.18
150163 3.18
150413 3.18
150664 3.18
150915 3.18
151165 3.17
151416 3.17
151667 3.17
151917 3.16
152168 3.16
152419 3.16
152670 3.16
152921 3.16
153171 3.15
153422 3.15
153672 3.15
153923 3.15
154174 3.15
154425 3.14
154676 3.14
154927 3.14
155177 3.14
155427 3.13
155678 3.13
155929 3.13
156180 3.13
156431 3.13
156682 3.13
156932 3.13
157182 3.12
157433 3.12
157684 3.12
157935 3.12
158186 3.12
158437 3.12
158687 3.11
158938 3.11
159188 3.11
159439 3.11
159690 3.10
159941 3.10
160192 3.10
160442 3.10
160693 3.10
160944 3.09
161195 3.09
161445 3.09
161696 3.09
161946 3.08
162197 3.08
162448 3.08
162699 3.08
162950 3.08
163201 3.07
163451 3.07
163701 3.07
163952 3.07
164203 3.07
164454 3.06
164705 3.06
164956 3.06
165206 3.06
165456 3.05
165707 3.05
165958 3.05
166209 3.05
166460 3.05
166710 3.04
166961 3.04
167212 3.04
167462 3.04
167713 3.04
167964 3.03
168214 3.03
168465 3.03
168716 3.03
168967 3.03
169218 3.02
169468 3.02
169719 3.02
169969 3.02
170220 3.02
170471 3.01
170722 3.01
170973 3.01
171224 3.01
171473 3.00
171724 3.00
171975 3.00
172226 3.00
172477 3.00
172728 2.99
172979 2.99
173229 2.99
173479 2.99
173730 2.99
173981 2.98
174232 2.98
174483 2.98
174733 2.98
174984 2.98
175235 2.97
175485 2.97
175736 2.97
175987 2.97
176238 2.97
176488 2.96
176739 2.96
176990 2.96
177241 2.96
177491 2.96
177742 2.95
177992 2.95
178243 2.95
178494 2.95
178745 2.95
178996 2.94
179247 2.94
179497 2.94
179747 2.94
179998 2.94
180249 2.93
180500 2.93
180751 2.93
181002 2.93
181253 2.93
181502 2.92
181753 2.92
182004 2.92
182255 2.92
182506 2.92
182757 2.92
183007 2.92
183258 2.92
183508 2.91
183759 2.91
184010 2.91
184261 2.91
184512 2.90
184762 2.90
185013 2.90
185264 2.90
185515 2.90
185765 2.90
186016 2.89
186266 2.89
186517 2.89
186768 2.89
187019 2.89
187270 2.88
187521 2.88
187771 2.88
188021 2.88
188272 2.88
188523 2.87
188774 2.87
189025 2.87
189276 2.87
189526 2.87
189776 2.86
190027 2.86
190278 2.86
190529 2.86
190780 2.85
191031 2.85
191281 2.85
191532 2.85
191782 2.85
192033 2.85
192284 2.85
192535 2.84
192786 2.84
193036 2.84
193287 2.84
193538 2.83
193788 2.83
194039 2.83
194290 2.83
194540 2.83
194791 2.83
195042 2.82
195293 2.82
195544 2.82
195794 2.82
196045 2.81
196295 2.81
196546 2.81
196797 2.81
197048 2.81
197299 2.81
197550 2.81
197799 2.80
198050 2.80
198301 2.80
198552 2.80
198803 2.79
199054 2.79
199305 2.79
199555 2.79
199805 2.79
200056 2.78
200307 2.78
200558 2.78
200809 2.78
201060 2.78
201310 2.77
201561 2.77
201811 2.77
202062 2.77
202313 2.77
202564 2.77
202814 2.76
203065 2.76
203316 2.76
203567 2.76
203817 2.76
204068 2.75
204319 2.75
204569 2.75
204820 2.75
205071 2.75
205322 2.74
205573 2.74
205824 2.74
206073 2.74
206324 2.74
206575 2.74
206826 2.73
207077 2.73
207328 2.73
207579 2.73
207828 2.73
208079 2.72
208330 2.72
208581 2.72
208832 2.72
209083 2.72
209334 2.72
209584 2.71
209835 2.71
210085 2.71
210336 2.71
210587 2.71
210838 2.71
211088 2.71
211339 2.71
211590 2.70
211841 2.70
212091 2.70
212342 2.70
212593 2.70
212843 2.69
213094 2.69
213345 2.69
213596 2.69
213847 2.69
214097 2.69
214348 2.68
214598 2.68
214849 2.68
215100 2.68
215351 2.68
215602 2.67
215853 2.67
216102 2.67
216353 2.67
216604 2.67
216855 2.67
217106 2.67
217357 2.66
217608 2.66
217858 2.66
218108 2.66
218359 2.65
218610 2.65
218861 2.65
219112 2.65
219362 2.65
219613 2.65
219864 2.64
220114 2.64
220365 2.64
220616 2.64
220867 2.64
221117 2.63
221368 2.63
221619 2.63
221870 2.63
222120 2.63
222371 2.63
222622 2.62
222872 2.62
223123 2.62
223374 2.62
223625 2.62
223876 2.61
224126 2.61
224376 2.61
224627 2.61
224878 2.61
225129 2.60
225380 2.60
225631 2.60
225882 2.60
226131 2.60
226382 2.60
226633 2.60
226884 2.59
227135 2.59
227386 2.59
227637 2.59
227887 2.59
228137 2.58
228388 2.58
228639 2.58
228890 2.58
229141 2.58
229391 2.58
229642 2.57
229893 2.57
230144 2.57
230394 2.57
230645 2.57
230896 2.57
231146 2.56
231397 2.56
231648 2.56
231899 2.56
232150 2.56
232400 2.55
232650 2.55
232901 2.55
233152 2.55
233403 2.55
233654 2.55
233905 2.54
234156 2.54
234405 2.54
234656 2.54
234907 2.54
235158 2.53
235409 2.53
235660 2.53
235911 2.53
236161 2.53
236411 2.53
236662 2.53
236913 2.52
237164 2.52
237415 2.52
237665 2.52
237916 2.52
238167 2.52
238417 2.51
238668 2.51
238919 2.51
239170 2.51
239420 2.51
239671 2.50
239922 2.50
240173 2.50
240423 2.50
240674 2.50
240925 2.50
241175 2.50
241426 2.50
241677 2.50
241928 2.49
242179 2.49
242429 2.49
242679 2.49
242930 2.49
243181 2.49
243432 2.48
243683 2.48
243934 2.48
244185 2.48
244434 2.48
244685 2.48
244936 2.47
245187 2.47
245438 2.47
245689 2.47
245939 2.47
246190 2.47
246440 2.47
246691 2.46
246942 2.46
247193 2.46
247444 2.46
247694 2.45
247945 2.45
248196 2.45
248446 2.45
248697 2.45
248948 2.45
249199 2.45
249449 2.44
249700 2.44
249951 2.44
250202 2.44
250452 2.44
250703 2.44
250953 2.43
251204 2.43
251455 2.43
251706 2.43
251957 2.43
252208 2.43
252459 2.42
252708 2.42
252959 2.42
253210 2.42
253461 2.42
253712 2.42
253963 2.41
254213 2.41
254464 2.41
254714 2.41
254965 2.41
255216 2.41
255467 2.40
255718 2.40
255968 2.40
256219 2.40
256470 2.40
256720 2.40
256971 2.39
257222 2.39
257473 2.39
257723 2.39
257974 2.39
258225 2.39
258476 2.38
258726 2.38
258977 2.38
259227 2.38
259478 2.38
259729 2.38
259980 2.37
260231 2.37
260482 2.37
260732 2.37
260982 2.37
261233 2.37
261484 2.37
261735 2.36
261986 2.36
262237 2.36
262487 2.36
262737 2.36
262988 2.36
263239 2.35
263490 2.35
263741 2.35
263992 2.35
264242 2.35
264493 2.35
264743 2.34
264994 2.34
265245 2.34
265496 2.34
265747 2.34
265997 2.34
266248 2.33
266499 2.33
266749 2.33
267000 2.33
267251 2.33
267501 2.33
267752 2.33
268003 2.32
268254 2.32
268505 2.32
268755 2.32
269006 2.32
269256 2.32
269507 2.31
269758 2.31
270009 2.31
270260 2.31
270511 2.31
270761 2.31
271011 2.31
271262 2.30
271513 2.30
271764 2.30
272015 2.30
272266 2.30
272516 2.30
272766 2.29
273017 2.29
273268 2.29
273519 2.29
273770 2.29
274021 2.29
274271 2.29
274522 2.29
274772 2.28
275023 2.28
275274 2.28
275525 2.28
275775 2.28
276026 2.28
276277 2.28
276528 2.28
276779 2.27
277029 2.27
277280 2.27
277530 2.27
277781 2.27
278032 2.27
278283 2.26
278534 2.26
278785 2.26
279035 2.26
279285 2.26
279536 2.26
279787 2.26
280038 2.25
280289 2.25
280540 2.25
280790 2.25
281040 2.25
281291 2.25
281542 2.24
281793 2.24
282044 2.24
282295 2.24
282545 2.24
282796 2.24
283046 2.23
283297 2.24
283548 2.23
283799 2.23
284049 2.23
284300 2.23
284551 2.22
284802 2.22
285052 2.22
285303 2.22
285554 2.22
285804 2.22
286055 2.22
286306 2.22
286557 2.21
286808 2.21
287058 2.21
287309 2.21
287559 2.21
287810 2.20
288061 2.20
288312 2.20
288563 2.20
288814 2.20
289063 2.20
289314 2.20
289565 2.19
289816 2.19
290067 2.19
290318 2.19
290569 2.19
290819 2.19
291069 2.19
291320 2.18
291571 2.18
291822 2.18
292073 2.18
292324 2.18
292574 2.18
292825 2.17
293075 2.17
293326 2.17
293577 2.17
293828 2.17
294078 2.17
294329 2.16
294580 2.17
294831 2.16
295081 2.16
295332 2.16
295583 2.16
295833 2.16
296084 2.16
296335 2.15
296586 2.15
296837 2.15
297088 2.15
297338 2.15
297588 2.15
297839 2.14
298090 2.14
298341 2.14
298592 2.14
298843 2.14
299092 2.14
299343 2.14
299594 2.13
299845 2.13
300096 2.13
300347 2.13
300598 2.13
300848 2.13
301099 2.13
301349 2.13
301600 2.12
301851 2.12
302102 2.12
302353 2.12
302603 2.12
302854 2.12
303105 2.11
303355 2.11
303606 2.11
303857 2.11
304107 2.11
304358 2.11
304609 2.11
304860 2.11
305111 2.10
305361 2.10
305612 2.10
305862 2.10
306113 2.10
306364 2.09
306615 2.09
306866 2.09
307117 2.09
307367 2.09
307617 2.09
307868 2.09
308119 2.09
308370 2.08
308621 2.08
308872 2.08
309122 2.08
309372 2.08
309623 2.08
309874 2.08
310125 2.08
310376 2.08
310626 2.08
310877 2.07
311128 2.07
311378 2.07
311629 2.07
311880 2.07
312131 2.07
312381 2.07
312632 2.06
312883 2.06
313134 2.06
313384 2.06
313635 2.06
313885 2.06
314136 2.06
314387 2.05
314638 2.05
314889 2.05
315140 2.05
315390 2.05
315640 2.05
315891 2.05
316142 2.04
316393 2.04
316644 2.04
316895 2.04
317145 2.04
317395 2.04
317646 2.04
317897 2.04
318148 2.03
318399 2.03
318650 2.03
318900 2.03
319151 2.03
319401 2.03
319652 2.03
319903 2.02
320154 2.02
320404 2.02
320655 2.02
320906 2.02
321157 2.02
321408 2.02
321658 2.01
321908 2.01
322159 2.01
322410 2.01
322661 2.01
322912 2.01
323163 2.01
323414 2.00
323663 2.00
323914 2.00
324165 2.00
324416 2.00
324667 2.00
324918 2.00
325168 2.00
325419 1.99
325669 1.99
325920 1.99
326171 1.99
326422 1.99
326673 1.99
326923 1.98
327174 1.98
327425 1.98
327675 1.98
327926 1.98
328177 1.98
328427 1.98
328678 1.98
328929 1.97
329180 1.97
329431 1.97
329681 1.97
329932 1.97
330182 1.97
330433 1.97
330684 1.96
330935 1.96
331186 1.96
331437 1.96
331687 1.96
331937 1.96
332188 1.96
332439 1.96
332690 1.95
332941 1.95
333192 1.95
333442 1.95
333692 1.95
333943 1.95
334194 1.94
334445 1.95
334696 1.94
334947 1.94
335197 1.94
335448 1.94
335698 1.94
335949 1.94
336200 1.94
336451 1.93
336701 1.93
336952 1.93
337203 1.93
337454 1.93
337704 1.93
337955 1.93
338206 1.92
338456 1.92
338707 1.92
338958 1.92
339209 1.92
339460 1.92
339710 1.92
339961 1.91
340211 1.91
340462 1.91
340713 1.91
340964 1.91
341215 1.91
341466 1.91
341715 1.91
341966 1.91
342217 1.90
342468 1.90
342719 1.90
342970 1.90
343221 1.90
343471 1.90
343721 1.90
343972 1.89
344223 1.89
344474 1.89
344725 1.89
344975 1.89
345226 1.89
345477 1.89
345728 1.89
345978 1.88
346229 1.88
346480 1.88
346730 1.88
346981 1.88
347232 1.88
347483 1.88
347734 1.88
347984 1.88
348234 1.88
348485 1.87
348736 1.88
348987 1.87
349238 1.87
349489 1.87
349740 1.87
349989 1.87
350240 1.87
350491 1.87
350742 1.86
350993 1.86
351244 1.86
351495 1.86
351745 1.86
351995 1.86
352246 1.86
352497 1.86
352748 1.85
352999 1.85
353249 1.85
353500 1.85
353751 1.85
354001 1.85
354252 1.85
354503 1.84
354754 1.84
355004 1.84
355255 1.84
355506 1.84
355757 1.84
356007 1.84
356258 1.84
356508 1.83
356759 1.83
357010 1.83
357261 1.83
357512 1.83
357763 1.83
358013 1.83
358263 1.82
358514 1.82
358765 1.82
359016 1.82
359267 1.82
359518 1.82
359769 1.82
360018 1.82
360269 1.82
360520 1.81
360771 1.81
361022 1.81
361273 1.81
361523 1.81
361774 1.81
362024 1.81
362275 1.81
362526 1.80
362777 1.80
363028 1.80
363278 1.80
363529 1.80
363780 1.80
364030 1.80
364281 1.80
364532 1.79
364782 1.79
365033 1.79
365284 1.79
365535 1.79
365786 1.79
366036 1.79
366287 1.79
366537 1.78
366788 1.78
367039 1.78
367290 1.78
367541 1.78
367792 1.78
368043 1.78
368292 1.78
368543 1.77
368794 1.77
369045 1.77
369296 1.77
369547 1.77
369797 1.77
370048 1.77
370298 1.77
370549 1.76
370800 1.76
371051 1.76
371302 1.76
371552 1.76
371803 1.76
372054 1.76
372304 1.76
372555 1.76
372806 1.75
373056 1.75
373307 1.75
373558 1.75
373809 1.75
374060 1.75
374310 1.75
374561 1.75
374811 1.74
375062 1.74
375313 1.74
375564 1.74
375815 1.74
376066 1.74
376316 1.74
376566 1.74
376817 1.73
377068 1.73
377319 1.73
377570 1.73
377821 1.73
378071 1.73
378321 1.73
378572 1.73
378823 1.73
379074 1.72
379325 1.72
379576 1.72
379826 1.72
380077 1.72
380327 1.72
380578 1.72
380829 1.72
381080 1.72
381331 1.71
381581 1.71
381832 1.71
382083 1.71
382333 1.71
382584 1.71
382835 1.71
383085 1.70
383336 1.70
383587 1.70
383838 1.70
384089 1.70
384339 1.70
384590 1.70
384840 1.70
385091 1.70
385342 1.70
385593 1.69
385844 1.69
386095 1.69
386345 1.69
386595 1.69
386846 1.69
387097 1.69
387348 1.69
387599 1.68
387850 1.68
388100 1.68
388350 1.68
388601 1.68
388852 1.68
389103 1.68
389354 1.68
389605 1.67
389855 1.67
390106 1.67
390356 1.67
390607 1.67
390858 1.67
391109 1.67
391359 1.67
391610 1.67
391861 1.67
392112 1.67
392363 1.67
392613 1.66
392864 1.66
393114 1.66
393365 1.66
393616 1.66
393867 1.66
394118 1.66
394369 1.66
394619 1.66
394869 1.65
395120 1.66
395371 1.65
395622 1.65
395873 1.65
396124 1.65
396374 1.65
396624 1.65
396875 1.65
397126 1.65
397377 1.64
397628 1.64
397879 1.64
398129 1.64
398380 1.64
398630 1.64
398881 1.64
399132 1.64
399383 1.63
399633 1.64
399884 1.63
400135 1.63
400386 1.63
400636 1.63
400887 1.63
401138 1.63
401388 1.63
401639 1.62
401890 1.63
402141 1.62
402392 1.62
402642 1.62
402893 1.62
403143 1.62
403394 1.62
403645 1.62
403896 1.62
404147 1.61
404398 1.61
404647 1.61
404898 1.61
405149 1.61
405400 1.61
405651 1.61
405902 1.61
406153 1.61
406403 1.60
406653 1.60
406904 1.60
407155 1.60
407406 1.60
407657 1.60
407908 1.60
408158 1.60
408409 1.60
408659 1.59
408910 1.59
409161 1.59
409412 1.59
409662 1.59
409913 1.59
410164 1.59
410415 1.59
410665 1.59
410916 1.58
411167 1.58
411417 1.58
411668 1.58
411919 1.58
412170 1.58
412421 1.58
412672 1.58
412921 1.58
413172 1.57
413423 1.57
413674 1.57
413925 1.57
414176 1.57
414427 1.57
414676 1.57
414927 1.57
415178 1.57
415429 1.56
415680 1.56
415931 1.56
416182 1.56
416432 1.56
416683 1.56
416933 1.56
417184 1.56
417435 1.56
417686 1.56
417936 1.55
418187 1.55
418438 1.55
418689 1.55
418939 1.55
419190 1.55
419441 1.55
419691 1.55
419942 1.54
420193 1.55
420444 1.54
420695 1.54
420945 1.54
421195 1.54
421446 1.54
421697 1.54
421948 1.54
422199 1.54
422450 1.53
422701 1.53
422950 1.53
423201 1.53
423452 1.53
423703 1.53
423954 1.53
424205 1.53
424456 1.53
424706 1.53
424956 1.52
425207 1.52
425458 1.52
425709 1.52
425960 1.52
426210 1.52
426461 1.52
426712 1.52
426962 1.52
427213 1.51
427464 1.51
427715 1.51
427965 1.51
428216 1.51
428467 1.51
428718 1.51
428968 1.51
429219 1.51
429470 1.50
429720 1.50
429971 1.50
430222 1.50
430473 1.50
430724 1.50
430974 1.50
431224 1.50
431475 1.50
431726 1.50
431977 1.50
432228 1.50
432479 1.49
432730 1.49
432979 1.49
433230 1.49
433481 1.49
433732 1.49
433983 1.49
434234 1.49
434484 1.49
434735 1.48
434985 1.48
435236 1.48
435487 1.48
435738 1.48
435989 1.48
436239 1.48
436490 1.48
436741 1.48
436992 1.47
437242 1.47
437493 1.47
437743 1.47
437994 1.47
438245 1.47
438496 1.47
438747 1.47
438998 1.47
439248 1.47
439498 1.46
439749 1.46
440000 1.46
440251 1.46
440502 1.46
440753 1.46
441004 1.46
441253 1.46
441504 1.46
441755 1.46
442006 1.46
442257 1.46
442508 1.46
442758 1.46
443009 1.46
443259 1.45
443510 1.45
443761 1.45
444012 1.45
444263 1.45
444513 1.45
444764 1.45
445015 1.45
445265 1.45
445516 1.45
445767 1.44
446017 1.44
446268 1.44
446519 1.44
446770 1.44
447021 1.44
447271 1.44
447522 1.44
447772 1.44
448023 1.44
448274 1.44
448525 1.44
448776 1.43
449027 1.43
449277 1.43
449527 1.43
449778 1.43
450029 1.43
450280 1.43
450531 1.43
450782 1.43
451032 1.42
451282 1.42
451533 1.42
451784 1.42
452035 1.42
452286 1.42
452537 1.42
452787 1.42
453038 1.42
453288 1.42
453539 1.42
453790 1.41
454041 1.41
454292 1.41
454542 1.41
454793 1.41
455044 1.41
455294 1.41
455545 1.41
455796 1.41
456046 1.40
456297 1.40
456548 1.40
456799 1.40
457050 1.40
457300 1.40
457551 1.40
457801 1.40
458052 1.40
458303 1.40
458554 1.40
458805 1.39
459056 1.39
459307 1.39
459556 1.39
459807 1.39
460058 1.39
460309 1.39
460560 1.39
460811 1.39
461061 1.39
461312 1.39
461562 1.39
461813 1.38
462064 1.38
462315 1.38
462566 1.38
462816 1.38
463067 1.38
463318 1.38
463568 1.38
463819 1.38
464070 1.37
464320 1.37
464571 1.37
464822 1.37
465073 1.37
465324 1.37
465574 1.37
465825 1.37
466075 1.37
466326 1.37
466577 1.36
466828 1.36
467079 1.36
467330 1.36
467580 1.36
467830 1.36
468081 1.36
468332 1.36
468583 1.36
468834 1.36
469085 1.36
469335 1.36
469585 1.35
469836 1.35
470087 1.35
470338 1.35
470589 1.35
470840 1.35
471090 1.35
471341 1.35
471591 1.35
471842 1.34
472093 1.34
472344 1.34
472595 1.34
472845 1.34
473096 1.34
473347 1.34
473597 1.34
473848 1.34
474099 1.34
474349 1.34
474600 1.34
474851 1.33
475102 1.33
475353 1.33
475603 1.33
475854 1.33
476104 1.33
476355 1.33
476606 1.33
476857 1.33
477108 1.33
477359 1.33
477609 1.33
477859 1.32
478110 1.32
478361 1.32
478612 1.32
478863 1.32
479114 1.32
479364 1.32
479614 1.32
479865 1.32
480116 1.32
480367 1.31
480618 1.32
480869 1.31
481119 1.31
481370 1.31
481620 1.31
481871 1.31
482122 1.31
482373 1.31
482624 1.31
482874 1.30
483125 1.31
483376 1.30
483627 1.30
483877 1.30
484128 1.30
484378 1.30
484629 1.30
484880 1.30
485131 1.30
485382 1.30
485633 1.30
485883 1.29
486133 1.30
486384 1.29
486635 1.29
486886 1.29
487137 1.29
487388 1.29
487639 1.29
487888 1.29
488139 1.29
488390 1.29
488641 1.28
488892 1.28
489143 1.28
489393 1.28
489644 1.28
489894 1.28
490145 1.28
490396 1.28
490647 1.28
490898 1.28
491148 1.28
491399 1.28
491650 1.28
491900 1.27
492151 1.27
492402 1.27
492652 1.27
492903 1.27
493154 1.27
493405 1.27
493656 1.27
493906 1.27
494157 1.27
494407 1.27
494658 1.27
494909 1.26
495160 1.26
495411 1.26
495662 1.26
495912 1.26
496162 1.26
496413 1.26
496664 1.26
496915 1.26
497166 1.26
497417 1.26
497667 1.25
497917 1.25
498168 1.25
498419 1.25
498670 1.25
498921 1.25
499172 1.25
499422 1.25
499673 1.25
499923 1.25
500174 1.25
500425 1.25
500676 1.25
500926 1.25
501177 1.25
501428 1.25
501679 1.24
501929 1.25
502180 1.24
502431 1.24
502681 1.24
502932 1.24
503183 1.24
503434 1.24
503685 1.24
503936 1.24
504186 1.24
504436 1.24
504687 1.24
504938 1.23
505189 1.23
505440 1.23
505691 1.23
505940 1.23
506191 1.23
506442 1.23
506693 1.23
506944 1.23
507195 1.23
507446 1.23
507696 1.22
507947 1.22
508197 1.22
508448 1.22
508699 1.22
508950 1.22
509200 1.22
509451 1.22
509702 1.22
509953 1.22
510203 1.22
510454 1.22
510705 1.22
510955 1.21
511206 1.21
511457 1.21
511708 1.21
511959 1.21
512209 1.21
512460 1.21
512710 1.21
512961 1.21
513212 1.21
513463 1.21
513714 1.20
513965 1.21
514214 1.20
514465 1.20
514716 1.20
514967 1.20
515218 1.20
515469 1.20
515719 1.20
515970 1.20
516220 1.20
516471 1.20
516722 1.20
516973 1.19
517224 1.19
517474 1.19
517725 1.19
517976 1.19
518226 1.19
518477 1.19
518728 1.19
518979 1.19
519229 1.19
519480 1.19
519731 1.19
519982 1.18
520232 1.18
520483 1.18
520733 1.18
520984 1.18
521235 1.18
521486 1.18
521737 1.18
521988 1.18
522238 1.18
522488 1.18
522739 1.18
522990 1.18
523241 1.17
523492 1.17
523743 1.17
523993 1.17
524243 1.17
524494 1.17
524745 1.17
524996 1.17
525247 1.17
525498 1.17
525748 1.17
525999 1.17
526249 1.17
526500 1.16
526751 1.16
527002 1.16
527252 1.16
527503 1.16
527754 1.16
528005 1.16
528256 1.16
528506 1.16
528757 1.16
529007 1.16
529258 1.16
529509 1.16
529760 1.15
530011 1.15
530262 1.15
530511 1.15
530762 1.15
531013 1.15
531264 1.15
531515 1.15
531766 1.15
532017 1.15
532267 1.15
532517 1.15
532768 1.15
533019 1.14
533270 1.14
533521 1.14
533772 1.14
534022 1.14
534273 1.14
534523 1.14
534774 1.14
535025 1.14
535276 1.14
535526 1.14
535777 1.14
536028 1.14
536279 1.13
536529 1.13
536780 1.13
537031 1.13
537281 1.13
537532 1.13
537783 1.13
538034 1.13
538285 1.13
538535 1.13
538785 1.13
539036 1.13
539287 1.13
539538 1.12
539789 1.12
540040 1.12
540291 1.12
540540 1.12
540791 1.12
541042 1.12
541293 1.12
541544 1.12
541795 1.12
542046 1.12
542296 1.12
542546 1.12
542797 1.11
543048 1.11
543299 1.11
543550 1.11
543800 1.11
544051 1.11
544302 1.11
544552 1.11
544803 1.11
545054 1.11
545305 1.11
545555 1.11
545806 1.11
546057 1.10
546308 1.10
546558 1.10
546809 1.10
547059 1.10
547310 1.10
547561 1.10
547812 1.10
548063 1.10
548314 1.10
548564 1.10
548814 1.10
549065 1.09
549316 1.10
549567 1.09
549818 1.09
550069 1.09
550319 1.09
550569 1.09
550820 1.09
551071 1.09
551322 1.09
551573 1.09
551824 1.09
552074 1.09
552325 1.09
552576 1.09
552826 1.08
553077 1.08
553328 1.08
553578 1.08
553829 1.08
554080 1.08
554331 1.08
554582 1.08
554832 1.08
555082 1.08
555333 1.08
555584 1.08
555835 1.08
556086 1.08
556337 1.07
556587 1.07
556837 1.07
557088 1.07
557339 1.07
557590 1.07
557841 1.07
558092 1.07
558342 1.07
558593 1.07
558843 1.07
559094 1.07
559345 1.07
559596 1.07
559846 1.06
560097 1.06
560348 1.07
560599 1.06
560849 1.06
561100 1.06
561350 1.06
561601 1.06
561852 1.06
562103 1.06
562354 1.06
562605 1.06
562854 1.06
563105 1.06
563356 1.06
563607 1.05
563858 1.05
564109 1.05
564360 1.05
564610 1.05
564860 1.05
565111 1.05
565362 1.05
565613 1.05
565864 1.05
566114 1.05
566365 1.05
566616 1.05
566866 1.05
567117 1.04
567368 1.04
567618 1.04
567869 1.04
568120 1.04
568371 1.04
568622 1.04
568872 1.04
569122 1.04
569373 1.04
569624 1.04
569875 1.04
570126 1.04
570377 1.04
570628 1.04
570877 1.04
571128 1.04
571379 1.04
571630 1.04
571881 1.04
572132 1.04
572382 1.04
572633 1.03
572883 1.03
573134 1.03
573385 1.03
573636 1.03
573886 1.03
574137 1.03
574388 1.03
574639 1.03
574889 1.03
575140 1.03
575391 1.03
575641 1.02
575892 1.03
576143 1.02
576394 1.02
576645 1.02
576896 1.02
577145 1.02
577396 1.02
577647 1.02
577898 1.02
578149 1.02
578400 1.02
578650 1.02
578900 1.02
579151 1.02
579402 1.02
579653 1.02
579904 1.02
580155 1.01
580405 1.01
580656 1.01
580907 1.01
581157 1.01
581408 1.01
581659 1.01
581909 1.01
582160 1.01
582411 1.01
582662 1.01
582913 1.01
583163 1.01
583413 1.00
583664 1.01
583915 1.00
584166 1.00
584417 1.00
584668 1.00
584918 1.00
585168 1.00
585419 1.00
585670 1.00
585921 1.00
586172 1.00
586423 1.00
586673 1.00
586924 1.00
587174 1.00
587425 0.99
587676 0.99
587927 0.99
588177 0.99
588428 0.99
588679 0.99
588930 0.99
589180 0.99
589431 0.99
589681 0.99
589932 0.99
590183 0.99
590434 0.99
590685 0.99
590936 0.99
591186 0.99
591436 0.99
591687 0.98
591938 0.98
592189 0.98
592440 0.98
592691 0.98
592941 0.98
593191 0.98
593442 0.98
593693 0.98
593944 0.98
594195 0.98
594445 0.98
594696 0.98
594947 0.98
595197 0.97
595448 0.97
595699 0.97
595949 0.97
596200 0.97
596451 0.97
596702 0.97
596953 0.97
597203 0.97
597454 0.97
597704 0.97
597955 0.97
598206 0.97
598457 0.97
598708 0.97
598959 0.97
599208 0.97
599459 0.96
599710 0.96
599961 0.96
600212 0.96
600463 0.96
600713 0.96
600964 0.96
601214 0.96
601465 0.96
601716 0.96
601967 0.96
602218 0.96
602468 0.96
602719 0.96
602970 0.95
603220 0.95
603471 0.95
603722 0.95
603972 0.95
604223 0.95
604474 0.95
604725 0.95
604976 0.95
605227 0.95
605476 0.95
605727 0.95
605978 0.95
606229 0.95
606480 0.95
606731 0.95
606981 0.95
607232 0.94
607482 0.94
607733 0.94
607984 0.94
608235 0.94
608486 0.94
608736 0.94
608987 0.94
609238 0.94
609488 0.94
609739 0.94
609990 0.94
610240 0.94
610491 0.94
610742 0.94
610993 0.93
611244 0.93
611494 0.93
611744 0.93
611995 0.93
612246 0.93
612497 0.93
612748 0.93
612999 0.93
613250 0.93
613499 0.93
613750 0.93
614001 0.93
614252 0.93
614503 0.93
614754 0.93
615004 0.92
615255 0.92
615505 0.92
615756 0.92
616007 0.92
616258 0.92
616508 0.92
616759 0.92
617010 0.92
617261 0.92
617511 0.92
617762 0.92
618013 0.92
618263 0.92
618514 0.92
618765 0.91
619016 0.91
619267 0.91
619517 0.91
619767 0.91
620018 0.91
620269 0.91
620520 0.91
620771 0.91
621022 0.91
621272 0.91
621522 0.91
621773 0.91
622024 0.91
622275 0.91
622526 0.91
622777 0.91
623027 0.91
623278 0.91
623528 0.91
623779 0.90
624030 0.90
624281 0.90
624531 0.90
624782 0.90
625033 0.90
625284 0.90
625534 0.90
625785 0.90
626036 0.90
626286 0.90
626537 0.90
626788 0.90
627039 0.90
627290 0.90
627540 0.90
627790 0.89
628041 0.89
628292 0.89
628543 0.89
628794 0.89
629045 0.89
629295 0.89
629545 0.89
629796 0.89
630047 0.89
630298 0.89
630549 0.89
630799 0.89
631050 0.89
631301 0.89
631552 0.89
631802 0.88
632053 0.89
632304 0.88
632554 0.88
632805 0.88
633056 0.88
633307 0.88
633558 0.88
633808 0.88
634058 0.88
634309 0.88
634560 0.88
634811 0.88
635062 0.88
635313 0.88
635563 0.88
635813 0.88
636064 0.87
636315 0.87
636566 0.87
636817 0.87
637067 0.87
637318 0.87
637569 0.87
637819 0.87
638070 0.87
638321 0.87
638572 0.87
638822 0.87
639073 0.87
639324 0.87
639575 0.87
639825 0.87
640076 0.87
640326 0.87
640577 0.87
640828 0.87
641079 0.86
641330 0.86
641581 0.86
641830 0.86
642081 0.86
642332 0.86
642583 0.86
642834 0.86
643085 0.86
643336 0.86
643586 0.86
643836 0.86
644087 0.86
644338 0.86
644589 0.86
644840 0.85
645090 0.86
645341 0.85
645592 0.85
645842 0.85
646093 0.85
646344 0.85
646594 0.85
646845 0.85
647096 0.85
647347 0.85
647598 0.85
647848 0.85
648098 0.85
648349 0.85
648600 0.85
648851 0.85
649102 0.85
649353 0.85
649604 0.84
649853 0.85
650104 0.84
650355 0.85
650606 0.85
650857 0.84
651108 0.84
651358 0.84
651609 0.84
651859 0.84
652110 0.84
652361 0.84
652612 0.84
652862 0.84
653113 0.84
653364 0.84
653615 0.84
653865 0.84
654116 0.84
654366 0.83
654617 0.84
654868 0.83
655119 0.83
655370 0.83
655621 0.83
655872 0.83
656121 0.83
656372 0.83
656623 0.83
656874 0.83
657125 0.83
657376 0.83
657626 0.83
657876 0.83
658127 0.83
658378 0.83
658629 0.83
658880 0.83
659130 0.83
659381 0.83
659632 0.83
659883 0.83
660133 0.83
660384 0.83
660635 0.83
660885 0.83
661136 0.83
661387 0.82
661638 0.83
661889 0.82
662139 0.82
662389 0.82
662640 0.82
662891 0.82
663142 0.82
663393 0.82
663644 0.82
663894 0.82
664144 0.82
664395 0.82
664646 0.82
664897 0.82
665148 0.82
665399 0.82
665649 0.81
665900 0.82
666150 0.82
666401 0.81
666652 0.81
666903 0.81
667153 0.81
667404 0.81
667655 0.81
667906 0.81
668156 0.81
668407 0.81
668658 0.81
668908 0.81
669159 0.81
669410 0.81
669661 0.81
669912 0.81
670162 0.81
670412 0.81
670663 0.81
670914 0.81
671165 0.80
671416 0.80
671667 0.80
671917 0.80
672167 0.80
672418 0.80
672669 0.80
672920 0.80
673171 0.80
673421 0.80
673672 0.80
673923 0.80
674173 0.80
674424 0.80
674675 0.80
674926 0.80
675176 0.80
675427 0.80
675678 0.79
675929 0.80
676179 0.79
676430 0.79
676680 0.79
676931 0.79
677182 0.79
677433 0.79
677684 0.79
677935 0.79
678184 0.79
678435 0.79
678686 0.79
678937 0.79
679188 0.79
679439 0.79
679690 0.79
679940 0.79
680190 0.79
680441 0.79
680692 0.79
680943 0.79
681194 0.78
681444 0.78
681695 0.78
681946 0.78
682196 0.78
682447 0.78
682698 0.78
682948 0.78
683199 0.78
683450 0.78
683701 0.78
683952 0.78
684203 0.78
684452 0.78
684703 0.78
684954 0.78
685205 0.78
685456 0.78
685707 0.78
685958 0.78
686208 0.78
686458 0.77
686709 0.77
686960 0.77
687211 0.77
687462 0.77
687712 0.77
687963 0.77
688214 0.77
688464 0.77
688715 0.77
688966 0.77
689216 0.77
689467 0.77
689718 0.77
689969 0.77
690220 0.77
690470 0.77
690721 0.77
690971 0.77
691222 0.77
691473 0.77
691724 0.77
691975 0.76
692226 0.76
692475 0.76
692726 0.76
692977 0.76
693228 0.76
693479 0.76
693730 0.76
693980 0.76
694231 0.76
694481 0.76
694732 0.76
694983 0.76
695234 0.76
695485 0.76
695735 0.76
695986 0.76
696237 0.76
696487 0.75
696738 0.75
696989 0.76
697239 0.75
697490 0.75
697741 0.75
697992 0.75
698243 0.75
698493 0.75
698743 0.75
698994 0.75
699245 0.75
699496 0.75
699747 0.75
699998 0.75
700249 0.75
700498 0.75
700749 0.75
701000 0.75
701251 0.75
701502 0.75
701753 0.74
702003 0.75
702254 0.75
702504 0.74
702755 0.74
703006 0.74
703257 0.74
703508 0.74
703758 0.74
704009 0.74
704260 0.74
704510 0.74
704761 0.74
705012 0.74
705262 0.74
705513 0.74
705764 0.74
706015 0.74
706266 0.74
706516 0.74
706766 0.74
707017 0.74
707268 0.73
707519 0.74
707770 0.73
708021 0.73
708272 0.73
708521 0.73
708772 0.73
709023 0.73
709274 0.73
709525 0.73
709776 0.73
710026 0.73
710277 0.73
710528 0.73
710778 0.73
711029 0.73
711280 0.73
711530 0.73
711781 0.73
712032 0.73
712283 0.72
712534 0.73
712784 0.72
713035 0.72
713285 0.72
713536 0.72
713787 0.72
714038 0.72
714289 0.72
714540 0.72
714789 0.72
715040 0.72
715291 0.72
715542 0.72
715793 0.72
716044 0.72
716295 0.72
716545 0.72
716795 0.72
717046 0.72
717297 0.72
717548 0.72
717799 0.72
718049 0.72
718300 0.72
718551 0.71
718801 0.72
719052 0.71
719303 0.71
719554 0.71
719804 0.71
720055 0.71
720306 0.71
720557 0.71
720807 0.71
721058 0.71
721308 0.71
721559 0.71
721810 0.71
722061 0.71
722312 0.71
722563 0.71
722813 0.71
723063 0.71
723314 0.71
723565 0.71
723816 0.71
724067 0.70
724318 0.70
724568 0.70
724818 0.71
725069 0.70
725320 0.70
725571 0.70
725822 0.70
726072 0.70
726323 0.70
726574 0.70
726824 0.70
727075 0.70
727326 0.70
727577 0.70
727827 0.70
728078 0.70
728329 0.70
728580 0.70
728830 0.70
729081 0.70
729331 0.70
729582 0.70
729833 0.70
730084 0.70
730335 0.69
730586 0.70
730835 0.69
731086 0.69
731337 0.69
731588 0.69
731839 0.69
732090 0.69
732341 0.69
732591 0.69
732841 0.69
733092 0.69
733343 0.69
733594 0.69
733845 0.69
734095 0.69
734346 0.69
734597 0.69
734848 0.69
735098 0.69
735349 0.69
735599 0.69
735850 0.69
736101 0.68
736352 0.69
736603 0.68
736854 0.68
737103 0.68
737354 0.68
737605 0.68
737856 0.68
738107 0.68
738358 0.68
738609 0.68
738859 0.68
739109 0.68
739360 0.68
739611 0.68
739862 0.68
740113 0.68
740363 0.68
740614 0.68
740865 0.68
741115 0.68
741366 0.68
741617 0.68
741867 0.68
742118 0.67
742369 0.67
742620 0.67
742871 0.67
743121 0.67
743371 0.67
743622 0.67
743873 0.67
744124 0.67
744375 0.67
744626 0.67
744877 0.67
745126 0.67
745377 0.67
745628 0.67
745879 0.67
746130 0.67
746381 0.67
746631 0.67
746882 0.67
747132 0.67
747383 0.67
747634 0.67
747885 0.67
748136 0.66
748386 0.66
748637 0.66
748888 0.66
749138 0.66
749389 0.66
749640 0.66
749890 0.66
750141 0.66
750392 0.66
750643 0.66
750894 0.66
751144 0.66
751394 0.66
751645 0.66
751896 0.66
752147 0.66
752398 0.66
752649 0.66
752900 0.66
753149 0.66
753400 0.66
753651 0.66
753902 0.66
754153 0.66
754404 0.65
754654 0.66
754905 0.65
755155 0.65
755406 0.65
755657 0.65
755908 0.65
756158 0.65
756409 0.65
756660 0.65
756911 0.65
757161 0.65
757412 0.65
757663 0.65
757913 0.65
758164 0.65
758415 0.65
758666 0.65
758917 0.65
759168 0.65
759417 0.65
759668 0.65
759919 0.64
760170 0.65
760421 0.64
760672 0.64
760923 0.65
761172 0.64
761423 0.64
761674 0.64
761925 0.64
762176 0.64
762427 0.64
762677 0.64
762928 0.64
763179 0.64
763429 0.64
763680 0.64
763931 0.64
764181 0.64
764432 0.64
764683 0.64
764934 0.64
765185 0.64
765435 0.64
765686 0.64
765936 0.64
766187 0.64
766438 0.64
766689 0.64
766940 0.64
767191 0.63
767440 0.63
767691 0.63
767942 0.63
768193 0.63
768444 0.63
768695 0.63
768946 0.63
769196 0.63
769446 0.63
769697 0.63
769948 0.63
770199 0.63
770450 0.63
770700 0.63
770951 0.63
771202 0.63
771452 0.63
771703 0.63
771954 0.63
772205 0.63
772455 0.63
772706 0.63
772957 0.63
773208 0.63
773458 0.63
773709 0.63
773959 0.63
774210 0.63
774461 0.63
774712 0.63
774963 0.63
775214 0.63
775463 0.63
775714 0.63
775965 0.63
776216 0.63
776467 0.63
776718 0.62
776969 0.62
777219 0.62
777469 0.62
777720 0.62
777971 0.62
778222 0.62
778473 0.62
778723 0.62
778974 0.62
779225 0.62
779475 0.62
779726 0.62
779977 0.62
780228 0.62
780478 0.62
780729 0.62
780980 0.62
781231 0.62
781481 0.62
781732 0.62
781982 0.62
782233 0.62
782484 0.62
782735 0.62
782986 0.62
783237 0.62
783486 0.62
783737 0.62
783988 0.62
784239 0.61
784490 0.62
784741 0.61
784992 0.61
785242 0.61
785492 0.61
785743 0.61
785994 0.61
786245 0.61
786496 0.61
786746 0.61
786997 0.61
787248 0.61
787499 0.61
787749 0.61
788000 0.61
788251 0.61
788501 0.61
788752 0.61
789003 0.61
789254 0.61
789505 0.61
789755 0.61
790005 0.61
790256 0.61
790507 0.61
790758 0.60
791009 0.60
791260 0.60
791510 0.60
791760 0.60
792011 0.60
792262 0.60
792513 0.60
792764 0.60
793015 0.60
793265 0.60
793516 0.60
793766 0.60
794017 0.60
794268 0.60
794519 0.60
794769 0.60
795020 0.60
795271 0.60
795522 0.60
795772 0.60
796023 0.60
796273 0.60
796524 0.60
796775 0.60
797026 0.60
797277 0.60
797528 0.59
797778 0.59
798028 0.60
798279 0.60
798530 0.59
798781 0.59
799032 0.59
799283 0.59
799533 0.59
799783 0.59
800034 0.59
800285 0.59
800536 0.59
800787 0.59
801038 0.59
801288 0.59
801539 0.59
801789 0.59
802040 0.59
802291 0.59
802542 0.59
802792 0.59
803043 0.59
803294 0.59
803545 0.59
803795 0.59
804046 0.59
804296 0.58
804547 0.58
804798 0.58
805049 0.59
805300 0.58
805551 0.58
805800 0.58
806051 0.58
806302 0.58
806553 0.58
806804 0.58
807055 0.58
807306 0.58
807556 0.58
807806 0.58
808057 0.58
808308 0.58
808559 0.58
808810 0.58
809060 0.58
809311 0.58
809562 0.58
809812 0.58
810063 0.58
810314 0.58
810564 0.58
810815 0.58
811066 0.58
811317 0.58
811568 0.58
811819 0.58
812068 0.57
812319 0.58
812570 0.57
812821 0.57
813072 0.57
813323 0.57
813574 0.57
813824 0.57
814074 0.57
814325 0.57
814576 0.57
814827 0.57
815078 0.57
815328 0.57
815579 0.57
815830 0.57
816080 0.57
816331 0.57
816582 0.57
816833 0.57
817083 0.57
817334 0.57
817585 0.57
817836 0.57
818086 0.57
818337 0.57
818587 0.57
818838 0.56
819089 0.57
819340 0.56
819591 0.56
819842 0.56
820092 0.56
820342 0.56
820593 0.56
820844 0.56
821095 0.56
821346 0.56
821597 0.56
821847 0.56
822097 0.56
822348 0.56
822599 0.56
822850 0.56
823101 0.56
823351 0.56
823602 0.56
823853 0.56
824103 0.56
824354 0.56
824605 0.56
824855 0.56
825106 0.56
825357 0.56
825608 0.56
825859 0.56
826109 0.56
826360 0.56
826610 0.55
826861 0.55
827112 0.56
827363 0.56
827614 0.55
827865 0.55
828114 0.55
828365 0.56
828616 0.55
828867 0.55
829118 0.55
829369 0.55
829619 0.55
829870 0.55
830120 0.55
830371 0.55
830622 0.55
830873 0.55
831124 0.55
831374 0.55
831625 0.55
831876 0.55
832126 0.55
832377 0.55
832628 0.55
832878 0.55
833129 0.55
833380 0.55
833631 0.55
833882 0.54
834132 0.55
834382 0.55
834633 0.55
834884 0.54
835135 0.54
835386 0.55
835637 0.54
835888 0.54
836137 0.54
836388 0.54
836639 0.54
836890 0.54
837141 0.54
837392 0.54
837642 0.54
837893 0.54
838144 0.54
838394 0.54
838645 0.54
838896 0.54
839146 0.54
839397 0.54
839648 0.54
839899 0.54
840150 0.54
840400 0.54
840651 0.54
840901 0.54
841152 0.54
841403 0.54
841654 0.54
841905 0.54
842156 0.54
842405 0.54
842656 0.54
842907 0.53
843158 0.53
843409 0.53
843660 0.53
843910 0.53
844161 0.53
844411 0.53
844662 0.53
844913 0.53
845164 0.53
845415 0.53
845665 0.53
845916 0.53
846167 0.53
846417 0.53
846668 0.53
846919 0.53
847169 0.53
847420 0.53
847671 0.53
847922 0.53
848173 0.53
848423 0.53
848673 0.53
848924 0.53
849175 0.53
849426 0.53
849677 0.53
849928 0.53
850179 0.53
850428 0.53
850679 0.52
850930 0.53
851181 0.53
851432 0.52
851683 0.52
851933 0.52
852184 0.52
852434 0.52
852685 0.52
852936 0.52
853187 0.52
853437 0.52
853688 0.52
853939 0.52
854190 0.52
854440 0.52
854691 0.52
854942 0.52
855192 0.52
855443 0.52
855694 0.52
855945 0.52
856196 0.52
856446 0.52
856696 0.52
856947 0.52
857198 0.52
857449 0.52
857700 0.52
857951 0.52
858201 0.52
858451 0.52
858702 0.52
858953 0.52
859204 0.52
859455 0.52
859706 0.51
859956 0.51
860207 0.51
860457 0.51
860708 0.51
860959 0.52
861210 0.51
861460 0.51
861711 0.51
861962 0.51
862213 0.51
862464 0.51
862714 0.51
862965 0.51
863215 0.51
863466 0.51
863717 0.51
863968 0.51
864219 0.51
864470 0.51
864719 0.51
864970 0.51
865221 0.51
865472 0.51
865723 0.51
865974 0.51
866224 0.51
866475 0.51
866725 0.51
866976 0.51
867227 0.51
867478 0.51
867729 0.51
867979 0.50
868230 0.50
868481 0.50
868731 0.50
868982 0.50
869233 0.50
869483 0.50
869734 0.50
869985 0.50
870236 0.50
870487 0.50
870737 0.50
870987 0.50
871238 0.50
871489 0.50
871740 0.50
871991 0.50
872242 0.50
872493 0.50
872742 0.50
872993 0.50
873244 0.50
873495 0.50
873746 0.50
873997 0.50
874247 0.50
874498 0.50
874748 0.50
874999 0.50
875250 0.50
875501 0.50
875751 0.50
876002 0.50
876253 0.50
876504 0.50
876754 0.49
877005 0.50
877256 0.50
877506 0.49
877757 0.49
878008 0.49
878259 0.49
878510 0.49
878760 0.49
879010 0.49
879261 0.49
879512 0.49
879763 0.49
880014 0.49
880265 0.49
880515 0.49
880765 0.49
881016 0.49
881267 0.49
881518 0.49
881769 0.49
882019 0.49
882270 0.49
882521 0.49
882771 0.49
883022 0.49
883273 0.49
883524 0.49
883774 0.49
884025 0.49
884276 0.49
884527 0.49
884777 0.49
885028 0.49
885278 0.49
885529 0.49
885780 0.49
886031 0.49
886282 0.48
886533 0.49
886782 0.48
887033 0.48
887284 0.48
887535 0.48
887786 0.48
888037 0.48
888287 0.48
888538 0.48
888788 0.48
889039 0.48
889290 0.48
889541 0.48
889792 0.48
890042 0.48
890293 0.48
890544 0.48
890795 0.48
891045 0.48
891296 0.48
891546 0.48
891797 0.48
892048 0.48
892299 0.48
892550 0.48
892801 0.48
893050 0.48
893301 0.48
893552 0.48
893803 0.48
894054 0.48
894305 0.48
894556 0.48
894806 0.48
895056 0.48
895307 0.48
895558 0.48
895809 0.47
896060 0.48
896310 0.47
896561 0.47
896812 0.47
897062 0.47
897313 0.47
897564 0.47
897814 0.47
898065 0.47
898316 0.47
898567 0.47
898818 0.47
899068 0.47
899318 0.47
899569 0.47
899820 0.47
